1    2.65421    2.55456
101    9.99424    2.53787
201    17.58    2.7
301    24.3958    3.04851
401    31.572    3.02362
501    38.2894    2.94577
601    45.2936    2.5479
701    52.8794    2.84798
801    59.5149    2.94337
901    66.9696    2.46077
1001    73.0153    2.76651
1101    79.3887    3.03483
1201    86.0078    2.98834
1301    93.0365    2.46865
1401    99.2461    2.86901
1501    105.865    2.58947
1601    112.345    2.79562
1701    118.89    2.64982
1801    125.411    2.773
1901    131.432    2.90719
2001    138.011    2.75079
2101    144.605    2.59705
2201    150.52    2.69083
2301    156.885    2.50525
2401    163.496    2.80879
2501    169.959    2.50493
2601    176.955    2.80736
2701    183.96    2.61629
2801    190.996    2.56909
2901    196.813    2.55364
3001    203.194    2.79928
3101    209.494    2.76702
3201    216.056    2.65047
3301    222.601    2.68116
3401    229.515    2.61973
3501    236.323    2.51624
3601    243.057    2.76597
3701    249.414    2.86062
3801    255.721    2.49636
3901    261.89    2.60671
4001    268.599    2.6453
4101    275.12    2.54464
4201    281.256    2.96918
4301    288.113    2.56878
4401    294.437    2.77351
4501    300.319    2.35941
4601    306.799    2.58007
4701    313.016    2.57137
4801    319.316    2.56239
4901    325.984    2.51101
5001    332.218    2.67995
5101    338.412    2.99754
5201    344.179    2.40272
5301    350.511    2.61485
5401    357.024    2.56813
5501    363.504    2.57926
5601    370.131    2.59607
5701    376.652    2.34861
5801    383.345    2.80414
5901    390.185    2.56966
6001    396.558    2.35536
6101    402.637    2.40189
6201    409.575    2.48018
6301    417.079    2.54825
6401    424.321    2.71486
6501    431.481    2.41802
6601    438.534    2.25751
6701    446.022    2.57139
6801    452.411    2.3339
6901    460.456    2.537
7001    469.09    2.3193
7101    477.094    2.24892
7201    483.459    2.50585
7301    489.677    2.3464
7401    496.345    2.43484
7501    502.866    2.38811
7601    509.526    2.29243
7701    515.744    2.30632
7801    522.543    2.43058
7901    529.252    2.36264
8001    536.06    2.39082
8101    543.212    2.36872
8201    549.986    2.20907
8301    556.597    2.28301
8401    563.519    2.28742
8501    570.081    2.25554
8601    576.971    2.50229
8701    583.573    2.29621
8801    590.357    2.56285
8901    598.106    2.5994
9001    604.479    2.62634
9101    610.853    2.46485
9201    616.956    2.35798
9301    624.198    2.29238
9401    630.727    2.27184
9501    637.288    2.47585
9601    643.088    2.30871
9701    649.994    2.16624
9801    657.031    2.21281
9901    662.88    2.16604
10001    669.245    2.26625
10101    675.545    2.22729
10201    681.443    2.17271
10301    687.866    2.35167
10401    694.469    2.42801
10501    700.842    2.0929
10601    707.65    2.29402
10701    713.728    2.23755
10801    720.388    2.23204
10901    727.343    2.3437
11001    733.929    2.48818
11101    740.508    2.23894
11201    746.791    2.13635
11301    753.467    2.35024
11401    760.848    2.21611
11501    767.803    2.19034
11601    775.365    2.26271
11701    782.721    2.2231
11801    789.766    2.20223
11901    797.884    2.14891
12001    805.609    2.30413
12101    812.368    2.28811
12201    819.405    2.17217
12301    825.983    2.27241
12401    832.971    2.0801
12501    839.188    2.1283
12601    845.308    2.11414
12701    851.419    2.17382
12801    857.629    2.07628
12901    864.018    2.12392
13001    870.425    2.10175
13101    876.421    2.27906
13201    882.278    2.14488
13301    889.283    2.20895
13401    896.107    2.19188
13501    902.898    2.5175
13601    909.083    2.26504
13701    915.923    2.1891
13801    922.288    2.3275
13901    928.44    2.1411
14001    934.593    2.14535
14101    941.236    2.17597
14201    947.634    2.17775
14301    953.811    2.3257
14401    959.25    2.44415
14501    965.312    2.0808
14601    971.514    2.14343
14701    978.059    2.2617
14801    984.039    2.0895
14901    991.06    2.29685
15001    997.687    2.25095
15101    1004.22    2.25587
15201    1010.09    2.21846
15301    1016.09    2.12756
15401    1022.48    2.14695
15501    1028.59    2.19575
15601    1035.04    2.08675
15701    1041.45    2.22628
15801    1048.14    2.08136
15901    1054.91    2.16523
16001    1060.95    2.02952
16101    1067.15    2.15936
16201    1073.82    2.07155
16301    1080    2.10335
16401    1086.92    2.09247
16501    1093.58    2.38022
16601    1100.21    2.19534
16701    1106.12    2.16239
16801    1112.17    2.07709
16901    1118.54    2.00038
17001    1125.24    2.17739
17101    1131.46    2.30123
17201    1137.49    2.15982
17301    1143.41    2.17704
17401    1150.18    2.20649
17501    1156.69    2.25788
17601    1163.28    2.09842
17701    1169.11    2.11603
17801    1175.45    2.14553
17901    1181.43    2.1147
18001    1187.41    2.0776
18101    1193.47    2.18308
18201    1199.51    2.04845
18301    1205.18    2.15498
18401    1211.2    2.13561
18501    1216.95    2.25451
18601    1222.75    2.23945
18701    1228.62    2.03071
18801    1234.48    2.02017
18901    1239.92    1.93925
19001    1246.57    2.17424
19101    1252.99    2.05256
19201    1259.09    2.17306
19301    1265.18    2.24412
19401    1272.21    2.30374
19501    1279.3    2.12298
19601    1285.84    2.10793
19701    1291.83    2.15879
19801    1298.3    2.1839
19901    1304.81    2.3087
20001    1311.24    2.00665
20101    1317.79    2.13706
20201    1324.6    2.05464
20301    1332.08    2.22528
20401    1338.52    2.09044
20501    1344.8    1.94998
20601    1352.07    2.10721
20701    1358.71    2.02848
20801    1366.05    2.08743
20901    1373.63    2.05921
21001    1380.6    2.2515
21101    1386.45    2.05171
21201    1393.21    2.10936
21301    1401.14    2.12602
21401    1408.05    2.19767
21501    1414.94    2.11481
21601    1421.28    2.04637
21701    1428.74    2.12197
21801    1436.91    2.16304
21901    1444.25    2.01712
22001    1451.04    2.0759
22101    1458.57    2.04843
22201    1466.09    2.00171
22301    1473.49    2.03551
22401    1481.29    2.05331
22501    1489.51    2.11075
22601    1497.13    2.1169
22701    1505.26    2.01646
22801    1513.23    2.13536
22901    1521.45    2.1598
23001    1529.12    2.16758
23101    1536.87    2.50754
23201    1544.19    1.99222
23301    1551.83    1.95095
23401    1559.58    2.03845
23501    1568.19    1.96095
23601    1576.86    2.09181
23701    1585.35    2.05667
23801    1594.21    2.03844
23901    1603.17    2.20799
24001    1610.94    1.99359
24101    1618.57    2.16172
24201    1625.65    2.18463
24301    1633.56    2.24289
24401    1641.41    2.14152
24501    1649.05    2.15011
24601    1657.01    1.986
24701    1664.16    2.03861
24801    1671.83    2.10093
24901    1679.67    2.02245
25001    1687.49    2.07082
25101    1694.52    2.02543
25201    1702.57    2.00296
25301    1711.01    2.07362
25401    1718.86    2.06196
25501    1726.86    2.02917
25601    1734.68    2.08042
25701    1742.29    2.05285
25801    1750.34    2.00266
25901    1757.92    1.91446
26001    1765.55    1.9464
26101    1773.05    1.91517
26201    1781.92    2.10041
26301    1788.69    2.05229
26401    1796.63    2.09889
26501    1803.85    2.18551
26601    1811.56    2.38741
26701    1818.88    2.06862
26801    1826.56    1.9033
26901    1834.5    2.00251
27001    1841.58    1.96884
27101    1850.05    1.92221
27201    1858.4    1.98556
27301    1866.47    2.03475
27401    1874.8    1.97204
27501    1882.56    1.97578
27601    1890.2    1.89796
27701    1897.55    2.11219
27801    1904.91    2.19053
27901    1912.56    1.97839
28001    1919.89    1.97973
28101    1926.69    1.96356
28201    1933.68    1.97481
28301    1940.65    1.96813
28401    1946.89    2.07756
28501    1953.05    1.93812
28601    1960.14    1.988
28701    1967.03    1.96892
28801    1973.55    2.14543
28901    1980.43    1.98631
29001    1987.03    2.04477
29101    1993.61    2.05656
29201    2000.24    1.90445
29301    2006.76    2.05887
29401    2013.77    2.09049
29501    2020.85    1.9801
29601    2026.98    2.06583
29701    2034.2    2.04386
29801    2040.46    2.04758
29901    2047.43    1.99548
30001    2054.17    2.01011
30101    2060.55    1.96915
30201    2067.14    2.02859
30301    2073.76    1.97758
30401    2080.79    1.89606
30501    2087.72    1.98013
30601    2094.16    1.94478
30701    2100.83    1.99542
30801    2107.45    2.08155
30901    2114.18    1.97701
31001    2120.65    1.98
31101    2126.88    2.05378
31201    2132.98    2.06175
31301    2139.86    2.03658
31401    2146.53    1.94184
31501    2153.21    2.0052
31601    2160.07    2.17185
31701    2166.34    2.06352
31801    2173.03    2.01848
31901    2179.39    1.99503
32001    2185.68    1.90754
32101    2192.37    1.99045
32201    2198.27    1.9475
32301    2204.75    1.91686
32401    2210.46    1.95376
32501    2217.21    2.02096
32601    2224.64    1.94853
32701    2230.56    2.20351
32801    2236.77    2.07243
32901    2244.27    2.02439
33001    2250.86    2.01562
33101    2257.27    2.00403
33201    2263.95    1.93833
33301    2269.96    2.17052
33401    2276.08    2.72076
33501    2282.85    1.90216
33601    2289.6    2.04577
33701    2296.33    1.77238
33801    2303.06    1.91208
33901    2309.7    2.07721
34001    2316.21    2.08624
34101    2322.7    2.01043
34201    2328.83    1.81395
34301    2335.28    1.92085
34401    2341.63    2.02951
34501    2348.23    2.08197
34601    2354.72    1.97128
34701    2361.39    1.9015
34801    2369.13    2.01088
34901    2376.21    1.9361
35001    2383.59    2.00987
35101    2391.06    1.935
35201    2398.28    2.08685
35301    2404.93    2.04617
35401    2411.77    1.99167
35501    2417.91    2.07134
35601    2424.78    2.03663
35701    2431.46    2.03385
35801    2437.95    2.03753
35901    2444.48    2.11233
36001    2451.97    2.16597
36101    2458.45    1.88381
36201    2464.89    1.83333
36301    2471.52    1.87933
36401    2478.12    1.84894
36501    2484.64    1.8619
36601    2491.17    1.83905
36701    2497.27    1.88966
36801    2503.13    1.88638
36901    2509.81    1.88729
37001    2516.9    1.93301
37101    2523.65    1.80646
37201    2530.67    1.89731
37301    2537.67    1.90249
37401    2543.67    1.94269
37501    2550.29    1.96109
37601    2556.89    1.94749
37701    2563.74    1.86069
37801    2570.95    1.97701
37901    2577.73    1.9934
38001    2583.94    2.0199
38101    2590.02    1.85416
38201    2596.54    1.95555
38301    2602.84    1.95146
38401    2609.23    2.00679
38501    2616.21    1.93821
38601    2622.65    2.07114
38701    2628.7    1.82265
38801    2635.32    1.98673
38901    2641.67    1.90962
39001    2648.04    1.95309
39101    2654.57    2.32526
39201    2661.42    2.09558
39301    2667.79    1.94466
39401    2674.55    1.86624
39501    2680.55    2.03987
39601    2687.14    2.01146
39701    2693.58    2.09161
39801    2700.12    1.95648
39901    2707.29    1.92938
40001    2714.18    1.832
40101    2720.11    1.92965
40201    2726.99    1.91755
40301    2733.16    1.8854
40401    2739.99    2.01467
40501    2746.59    1.8963
40601    2752.95    1.94335
40701    2759.48    2.08494
40801    2766.57    1.96345
40901    2773.11    1.89213
41001    2779.08    2.01397
41101    2785.55    1.97759
41201    2792    1.9694
41301    2799.66    2.01929
41401    2807.32    1.97918
41501    2815.51    1.91906
41601    2823.39    1.83687
41701    2831.33    2.01991
41801    2838.71    2.12205
41901    2846.86    1.9855
42001    2854.54    1.94478
42101    2861.84    2.02128
42201    2869.97    1.92361
42301    2877.92    1.88219
42401    2885.24    1.95584
42501    2892.27    1.98125
42601    2900.08    1.7923
42701    2907.19    1.85326
42801    2914.75    1.82432
42901    2922.5    1.86176
43001    2930.15    2.01973
43101    2937.73    1.84827
43201    2945.26    1.88382
43301    2952.43    1.81585
43401    2960.42    1.96335
43501    2967.6    1.92075
43601    2974.7    1.81357
43701    2982.42    1.90203
43801    2989.7    1.9125
43901    2997.77    1.86124
44001    3005.38    1.84228
44101    3013.71    1.91771
44201    3020.69    1.86814
44301    3028.3    1.83022
44401    3035.7    1.93846
44501    3043.13    1.82134
44601    3049.37    1.84391
44701    3055.7    1.87341
44801    3062.2    1.90792
44901    3068.95    1.8368
45001    3075.78    1.83392
45101    3082.74    1.96734
45201    3089.43    1.9509
45301    3096.54    2.01865
45401    3103.54    1.87178
45501    3110.41    2.00114
45601    3117.06    1.8912
45701    3123.41    1.85758
45801    3130.03    1.95434
45901    3136.41    1.78624
46001    3143.06    1.9314
46101    3149.82    2.00785
46201    3156.4    1.89756
46301    3163.09    1.95817
46401    3169.64    2.03978
46501    3176.13    2.01067
46601    3183.02    1.96992
46701    3189.75    1.82755
46801    3196.39    1.94513
46901    3203.01    1.89707
47001    3209.24    1.91853
47101    3215.77    1.91639
47201    3221.95    1.89814
47301    3228.87    1.9895
47401    3235.14    1.89138
47501    3242.06    1.90835
47601    3248.61    2.00098
47701    3255.02    1.95952
47801    3261.55    2.00428
47901    3267.77    1.87578
48001    3274.27    1.84051
48101    3280.47    1.80944
48201    3287.35    1.97248
48301    3294.65    1.88116
48401    3300.64    1.88748
48501    3307.06    1.98037
48601    3313.66    1.85533
48701    3320.05    1.85286
48801    3326.6    1.87606
48901    3332.82    2.05219
49001    3339.76    2.04675
49101    3346.56    1.90298
49201    3353.3    1.94163
49301    3359.97    1.89775
49401    3366.84    1.8529
49501    3373.47    1.74325
49601    3380.04    1.91937
49701    3386.73    1.94715
49801    3392.95    2.01759
49901    3399.57    1.95695
50001    3405.6    1.92519
50101    3412.14    2.11894
50201    3418.53    2.04364
50301    3425.28    1.96697
50401    3431.98    1.85081
50501    3438.87    1.79784
50601    3445.4    1.96846
50701    3452.27    1.86939
50801    3458.73    1.91944
50901    3465.52    1.76855
51001    3471.83    2.05568
51101    3478.98    1.88212
51201    3485.2    1.95277
51301    3491.26    2.03306
51401    3497.71    1.816
51501    3504.15    1.88952
51601    3510.51    2.594
51701    3516.71    1.86317
51801    3522.78    1.82541
51901    3529.15    1.81377
52001    3534.87    1.79317
52101    3542.12    1.86081
52201    3548.24    1.80449
52301    3554.88    1.87418
52401    3561.91    1.97262
52501    3568.21    1.88179
52601    3574.78    1.82453
52701    3581.66    1.90448
52801    3588.04    1.85707
52901    3594.82    2.0333
53001    3601.74    1.87739
53101    3608.52    1.95505
53201    3614.6    1.97236
53301    3621.19    1.68144
53401    3628.29    1.8733
53501    3635.45    1.81929
53601    3641.71    1.75167
53701    3648.19    1.81474
53801    3654.74    1.87456
53901    3661.28    1.93311
54001    3667.87    1.87701
54101    3674.63    1.89958
54201    3681.12    2.01071
54301    3687.96    1.83736
54401    3694.05    1.93639
54501    3700.83    1.91123
54601    3708.08    1.96191
54701    3714.7    1.88768
54801    3720.99    1.88734
54901    3728.07    1.90755
55001    3734.3    1.97123
55101    3740.78    1.95703
55201    3747.49    1.75617
55301    3754.14    1.82662
55401    3760.55    1.81404
55501    3766.96    1.96574
55601    3773.46    2.18302
55701    3779.58    2.00769
55801    3785.56    1.93291
55901    3792.12    2.36405
56001    3799    1.8074
56101    3805.66    1.7621
56201    3812.14    1.82944
56301    3818.68    1.84463
56401    3824.57    1.83903
56501    3832.23    1.81803
56601    3839.34    1.85254
56701    3846.45    1.73696
56801    3853.44    1.85588
56901    3859.87    1.80937
57001    3867.08    1.99919
57101    3874.26    1.9228
57201    3881.1    1.79733
57301    3888.6    1.84994
57401    3895.75    1.82113
57501    3902.47    1.80557
57601    3909.3    1.86387
57701    3916.27    1.82041
57801    3923.16    1.92961
57901    3930.05    1.78504
58001    3936.89    1.89803
58101    3942.88    1.71803
58201    3949.71    1.87103
58301    3956.06    1.83156
58401    3962.36    1.95978
58501    3968.79    1.86348
58601    3974.96    1.76669
58701    3982.42    1.88443
58801    3989.2    1.78736
58901    3995.8    1.88035
59001    4002.5    1.82944
59101    4008.71    1.87874
59201    4014.66    1.84176
59301    4021.73    1.84554
59401    4028.89    1.87647
59501    4035.77    1.82206
59601    4042.58    1.98093
59701    4049.29    1.81641
59801    4055.45    1.77342
59901    4062.57    1.87577
60001    4069.47    1.82895
60101    4076.04    1.88811
60201    4082.04    1.98012
60301    4088.6    1.90778
60401    4094.65    1.96434
60501    4101.06    1.79373
60601    4107.4    1.9161
60701    4114.07    1.77807
60801    4120.08    1.9281
60901    4126.75    1.75118
61001    4133.85    1.89919
61101    4140.79    1.82416
61201    4147.18    1.91863
61301    4153.56    1.74402
61401    4159.92    1.79222
61501    4166.88    1.85296
61601    4173.53    1.86063
61701    4179.77    1.9175
61801    4186.3    1.93618
61901    4192.7    2.03453
62001    4199.54    1.85436
62101    4206    1.89091
62201    4212    1.95625
62301    4218.48    1.80339
62401    4225.22    1.81898
62501    4231.53    1.95028
62601    4237.92    1.83373
62701    4244.55    1.86112
62801    4250.53    1.86849
62901    4257.11    1.98189
63001    4263.48    2.22557
63101    4269.91    1.85154
63201    4276.58    1.85582
63301    4283.27    1.81804
63401    4289.51    1.85641
63501    4295.98    1.75551
63601    4302.49    1.8057
63701    4308.86    1.86544
63801    4315.36    1.9283
63901    4321.75    1.84608
64001    4328.73    1.7509
64101    4334.76    1.88039
64201    4341.28    1.99229
64301    4347.92    1.84299
64401    4354.65    1.87034
64501    4361.02    1.9353
64601    4367.56    1.96045
64701    4374.23    2.10315
64801    4380.57    1.97333
64901    4386.87    1.7958
65001    4393.1    1.89972
65101    4399.87    1.79691
65201    4406.39    1.77345
65301    4412.77    1.82135
65401    4419.22    1.82914
65501    4425.52    1.92341
65601    4432.7    1.93168
65701    4439.15    1.86347
65801    4444.88    1.86696
65901    4451.66    1.8664
66001    4458.46    1.83599
66101    4465.27    1.76186
66201    4471.71    1.82807
66301    4478.68    1.8144
66401    4485.09    1.84021
66501    4491.37    1.86403
66601    4497.91    1.88738
66701    4504.84    1.90144
66801    4510.99    2.00131
66901    4517.19    1.73791
67001    4523.53    1.76148
67101    4529.91    1.87884
67201    4536.37    1.77381
67301    4542.78    1.74572
67401    4549.23    1.74524
67501    4555.59    1.79071
67601    4562.18    1.93418
67701    4568.41    1.78652
67801    4574.54    1.87432
67901    4581.17    1.8718
68001    4587.76    1.89698
68101    4594.33    1.76893
68201    4601.04    1.86917
68301    4607.68    1.77238
68401    4613.96    1.93917
68501    4620.63    1.86015
68601    4627.32    1.8304
68701    4633.53    1.98849
68801    4639.92    1.9703
68901    4646.63    1.85308
69001    4652.87    1.87908
69101    4659.08    1.77079
69201    4665.73    1.86608
69301    4672.94    1.87261
69401    4679.63    1.9247
69501    4685.5    1.71346
69601    4691.64    1.82566
69701    4698.03    1.74986
69801    4705.11    1.92041
69901    4711.65    1.88564
70001    4718.07    1.82681
70101    4724.73    1.84117
70201    4731.63    1.84142
70301    4738.25    1.78033
70401    4744.85    1.79726
70501    4751.48    1.84621
70601    4758.04    1.84511
70701    4764.4    1.82142
70801    4770.97    2.01524
70901    4777.48    1.80608
71001    4783.51    1.77777
71101    4789.99    1.91387
71201    4796.42    1.83499
71301    4803.39    1.92234
71401    4810.01    1.82626
71501    4816.44    1.85846
71601    4822.89    1.81604
71701    4829.8    1.80028
71801    4836.09    1.86704
71901    4842.39    1.86687
72001    4848.2    1.90919
72101    4854.25    1.82738
72201    4860.7    1.9263
72301    4866.92    1.80113
72401    4873.47    1.78416
72501    4880.12    1.83316
72601    4886.61    1.87577
72701    4893.1    1.74367
72801    4899.77    1.80095
72901    4906.55    1.70839
73001    4912.9    1.80413
73101    4919.05    1.88265
73201    4925.96    1.78781
73301    4932.42    1.69725
73401    4938.92    1.93635
73501    4945.86    1.78294
73601    4952.27    1.80671
73701    4958.68    1.73398
73801    4965.65    1.77372
73901    4972.54    1.75701
74001    4979.79    1.75754
74101    4986.27    1.78293
74201    4992.7    1.93151
74301    4999.24    1.95533
74401    5006.06    1.84299
74501    5012.75    1.86571
74601    5019.65    1.8719
74701    5026.37    1.76535
74801    5032.67    1.8681
74901    5039.37    1.79031
75001    5046.3    1.82264
75101    5052.77    1.69795
75201    5058.91    1.76311
75301    5065.67    1.839
75401    5072.58    1.801
75501    5078.96    1.72879
75601    5086.03    1.77812
75701    5092.84    1.87177
75801    5098.93    1.74891
75901    5105.77    1.82975
76001    5112.1    1.73772
76101    5118.5    1.80667
76201    5125.14    1.88245
76301    5132.1    1.85355
76401    5138.64    1.89203
76501    5144.99    1.84642
76601    5151.37    1.79725
76701    5158.18    1.75406
76801    5164.46    1.8748
76901    5170.74    1.84683
77001    5177.26    1.98658
77101    5183.86    1.87109
77201    5190.5    1.79467
77301    5197.06    1.86575
77401    5203.04    1.82998
77501    5209.26    1.92266
77601    5215.94    1.91265
77701    5222.68    1.75958
77801    5229.37    1.93373
77901    5235.89    1.79508
78001    5242.13    2.14313
78101    5248.67    2.16076
78201    5255.39    1.78239
78301    5262.15    1.82469
78401    5268.79    1.79494
78501    5275.49    1.81481
78601    5281.55    1.8752
78701    5288.39    1.90772
78801    5294.67    1.77136
78901    5301.17    1.86625
79001    5308.06    1.83873
79101    5313.9    1.8406
79201    5320.44    1.91289
79301    5326.48    1.84052
79401    5333.11    1.84698
79501    5339.96    1.76667
79601    5346.43    1.91201
79701    5352.98    1.69248
79801    5359.26    1.82516
79901    5365.69    1.72894
80001    5372.29    1.83418
80101    5379.13    1.77446
80201    5385.96    1.87518
80301    5392.65    1.71463
80401    5399.49    1.86428
80501    5405.82    1.77191
80601    5412.35    1.87795
80701    5419.03    1.88967
80801    5425.35    2.0464
80901    5431.61    2.20195
81001    5438.09    1.79187
81101    5444.57    1.7993
81201    5451.51    1.81052
81301    5459.11    1.74457
81401    5465.26    1.76661
81501    5471.9    1.75638
81601    5478.73    1.86927
81701    5485.03    1.96519
81801    5492.27    1.8923
81901    5498.55    1.7908
82001    5504.88    1.75619
82101    5511.73    1.76956
82201    5519.29    1.73188
82301    5526.36    1.82162
82401    5533.56    1.86458
82501    5540.42    1.8663
82601    5547.14    1.88648
82701    5553.78    1.88506
82801    5559.66    1.83728
82901    5565.74    1.88379
83001    5572.08    1.83984
83101    5578.78    1.89707
83201    5585.11    1.99922
83301    5591.56    1.73782
83401    5598.08    1.82018
83501    5603.93    1.87483
83601    5610.67    1.81837
83701    5616.78    1.79724
83801    5623.3    1.89068
83901    5629.41    1.86022
84001    5635.83    1.8483
84101    5642.16    2.08101
84201    5648.63    1.98716
84301    5655.03    1.93857
84401    5661.84    1.86248
84501    5668.01    1.94432
84601    5674.4    1.92978
84701    5680.93    1.82928
84801    5687.58    1.82543
84901    5694.28    1.88361
85001    5700.39    1.77953
85101    5706.96    1.90069
85201    5713.33    1.90616
85301    5719.84    1.86791
85401    5725.94    1.93926
85501    5732.61    1.95432
85601    5739.06    1.6975
85701    5745.74    1.82984
85801    5752.59    1.90049
85901    5758.81    1.91717
86001    5765.47    1.76556
86101    5772.05    1.82421
86201    5778.69    1.80325
86301    5785.43    1.7927
86401    5791.62    1.81939
86501    5798.48    1.80885
86601    5805.06    1.77533
86701    5812.11    1.77506
86801    5818.61    1.81338
86901    5825.56    1.7946
87001    5832.62    1.82356
87101    5839.4    1.89672
87201    5846.58    1.89858
87301    5852.86    1.82332
87401    5859.29    1.78782
87501    5865.77    1.82811
87601    5872.3    1.71592
87701    5878.92    1.86772
87801    5884.9    1.89483
87901    5891.42    1.76806
88001    5897.76    1.77984
88101    5904.56    1.88672
88201    5911.24    2.00262
88301    5917.38    1.78913
88401    5923.34    1.88822
88501    5929.71    1.78807
88601    5936.83    1.78036
88701    5943.96    1.83603
88801    5950.44    1.80817
88901    5957.15    1.7031
89001    5963.92    1.8971
89101    5970.71    1.75683
89201    5976.42    1.83264
89301    5983.44    1.77
89401    5990.37    1.82815
89501    5997.17    1.89157
89601    6004.02    1.84945
89701    6010.01    1.84441
89801    6017.13    1.85325
89901    6023.52    1.84485
90001    6030.52    1.90279
90101    6036.82    1.96667
90201    6043.35    1.71089
90301    6049.17    1.81926
90401    6056.03    1.82648
90501    6062.92    1.96498
90601    6069.11    1.88233
90701    6075.34    1.77382
90801    6081.55    1.77546
90901    6088.7    1.79016
91001    6095.4    1.96809
91101    6102.05    1.86885
91201    6108.38    2.0027
91301    6114.34    1.9063
91401    6121.02    1.77776
91501    6127.13    1.79769
91601    6133.39    1.92829
91701    6139.55    1.82355
91801    6145.97    1.8389
91901    6152.68    1.83702
92001    6158.96    1.83886
92101    6165.23    1.85522
92201    6171.83    1.8134
92301    6178.05    1.91873
92401    6185.07    1.78894
92501    6192.04    1.72596
92601    6198.17    1.79087
92701    6204.69    1.84486
92801    6210.76    1.73504
92901    6217.15    1.75495
93001    6223.18    1.65964
93101    6229.43    1.80317
93201    6235.69    1.83202
93301    6242.07    1.84331
93401    6249.28    1.83649
93501    6255.8    1.85023
93601    6262.22    1.90354
93701    6268.61    1.88422
93801    6274.97    1.90706
93901    6281.67    1.84833
94001    6288.16    1.84442
94101    6294.84    1.85153
94201    6301.21    1.96948
94301    6307.94    1.9785
94401    6314.66    2.00539
94501    6321.25    1.82031
94601    6327.47    2.16609
94701    6333.96    1.76316
94801    6340.58    1.93999
94901    6347.02    1.94947
95001    6353.22    1.8408
95101    6359.8    1.65528
95201    6366.85    1.76701
95301    6373.02    1.73803
95401    6379.14    1.76151
95501    6385.48    1.71204
95601    6392.07    1.85267
95701    6398.8    1.86348
95801    6405.07    2.00117
95901    6411.67    1.88768
96001    6418.65    1.80767
96101    6425.62    1.71938
96201    6432.06    1.78215
96301    6438.36    1.85188
96401    6444.79    1.78396
96501    6451.36    1.95067
96601    6458.15    1.98364
96701    6464.58    2.18551
96801    6470.89    1.72107
96901    6477.59    1.7378
97001    6484.48    1.80054
97101    6491.5    1.81927
97201    6497.94    1.76219
97301    6504.55    1.76498
97401    6511.17    1.7971
97501    6517.6    1.79074
97601    6523.54    1.75842
97701    6529.94    1.79899
97801    6536.53    1.70364
97901    6542.88    1.70793
98001    6549.52    1.86945
98101    6555.9    1.85506
98201    6563.01    1.8259
98301    6568.89    1.75938
98401    6575.53    1.84149
98501    6581.8    1.85
98601    6588.02    1.74574
98701    6594.78    1.81474
98801    6600.73    1.82849
98901    6607.22    1.88933
99001    6613.98    1.82094
99101    6620.36    1.85297
99201    6626.3    1.91846
99301    6632.89    1.88229
99401    6639.13    1.73864
99501    6645.61    1.73174
99601    6652.19    1.71418
99701    6658.64    1.7572
99801    6664.9    1.7294
99901    6671.79    1.76288
100001    6678.49    1.83006
100101    6684.58    1.85792
100201    6690.7    1.68334
100301    6696.78    1.8259
100401    6703.48    1.77763
100501    6710.28    1.86374
100601    6717.16    1.77733
100701    6724.35    1.89374
100801    6730.74    1.86305
100901    6737.2    1.74499
101001    6743.65    1.74253
101101    6750.69    1.82028
101201    6757.06    1.86805
101301    6763.06    1.82304
101401    6768.82    1.85137
101501    6775.77    1.73752
101601    6782.92    1.78905
101701    6788.95    1.85791
101801    6795.31    1.9015
101901    6802.29    1.82375
102001    6808.8    1.79043
102101    6816.33    1.8454
102201    6823.07    1.80638
102301    6829.54    1.79598
102401    6835.71    1.94396
102501    6842.31    2.19072
102601    6849.68    1.86808
102701    6856.7    1.6961
102801    6863.23    1.7179
102901    6869.93    1.79133
103001    6876.72    1.86863
103101    6883.07    1.80909
103201    6889.5    1.78436
103301    6896.13    1.82094
103401    6902.88    1.84119
103501    6909.89    1.79299
103601    6916.33    1.70066
103701    6922.53    1.83849
103801    6929.26    1.77644
103901    6935.66    1.82121
104001    6942.23    1.85992
104101    6948.74    1.80885
104201    6955.42    1.8506
104301    6962.57    2.0358
104401    6968.96    1.84512
104501    6975.77    1.86271
104601    6982.34    1.80819
104701    6989.39    1.97771
104801    6996.3    2.27598
104901    7002.6    1.83752
105001    7009.89    1.80811
105101    7016.37    1.80633
105201    7023.3    1.67709
105301    7029.65    1.7655
105401    7036.21    1.81712
105501    7042.41    1.78332
105601    7048.69    1.74516
105701    7055.18    1.73979
105801    7061.89    1.7134
105901    7068.36    1.79731
106001    7074.66    1.76401
106101    7081.14    1.79717
106201    7087.49    1.74129
106301    7093.44    1.81037
106401    7099.77    1.83496
106501    7105.5    1.78543
106601    7112.39    1.79591
106701    7118.99    1.73225
106801    7125.87    1.82696
106901    7131.92    1.71196
107001    7138.49    1.72743
107101    7143.71    1.78604
107201    7149.81    1.69229
107301    7156.33    1.87695
107401    7163.13    1.95516
107501    7169.9    1.74325
107601    7175.74    1.81543
107701    7182.68    1.76185
107801    7189.49    1.74522
107901    7195.83    1.79132
108001    7202.4    1.81418
108101    7209.71    1.72074
108201    7216.37    1.78154
108301    7222.4    1.91709
108401    7228.83    1.87853
108501    7235.35    1.80379
108601    7241.79    1.81018
108701    7247.99    1.80955
108801    7254.06    1.74148
108901    7260.64    1.88414
109001    7267.64    1.79779
109101    7274.77    1.80686
109201    7280.63    2.18926
109301    7286.66    1.93854
109401    7292.88    1.99404
109501    7299.7    1.74474
109601    7305.76    1.80969
109701    7312.58    1.96534
109801    7319.1    1.77996
109901    7325.98    1.75511
110001    7332.36    1.72654
110101    7338.82    1.7507
110201    7345.68    1.83019
110301    7352.37    1.79549
110401    7359.3    1.72624
110501    7366.62    1.82472
110601    7373.77    1.78268
110701    7379.95    1.76703
110801    7386.6    1.82351
110901    7392.48    1.79936
111001    7398.93    1.75231
111101    7405.27    1.72547
111201    7412.09    1.75038
111301    7418.15    1.80086
111401    7424.57    1.80326
111501    7431.23    1.83143
111601    7438.11    1.76208
111701    7445.71    1.66733
111801    7451.89    1.82364
111901    7458.45    1.90491
112001    7464.76    1.94458
112101    7471.17    1.79797
112201    7477.69    1.68701
112301    7484.05    1.81917
112401    7490.83    1.74378
112501    7497.8    1.74788
112601    7504.24    1.70897
112701    7511.15    1.76229
112801    7517.45    1.83081
112901    7523.75    1.84876
113001    7529.78    1.91719
113101    7536.16    2.14133
113201    7542.91    1.96268
113301    7549.65    1.72189
113401    7555.98    1.89594
113501    7562.9    1.67802
113601    7569.2    1.76837
113701    7575.64    1.82025
113801    7582.04    1.73215
113901    7588.66    1.63861
114001    7595.25    1.7381
114101    7601.44    1.82502
114201    7607.85    1.93117
114301    7615.01    1.93314
114401    7621.38    1.76052
114501    7628.63    1.71855
114601    7635.03    1.74092
114701    7641.6    1.78467
114801    7647.84    1.80663
114901    7654.58    1.68238
115001    7660.49    1.83354
115101    7667    1.90384
115201    7672.96    1.77532
115301    7679.53    1.8892
115401    7685.78    1.78384
115501    7691.97    1.7301
115601    7698.32    1.73032
115701    7704.81    1.76104
115801    7711.23    1.79729
115901    7717.62    1.85561
116001    7724.15    1.81504
116101    7730.86    1.72229
116201    7737.89    1.76401
116301    7744.14    1.71175
116401    7750.55    1.77879
116501    7756.73    1.88128
116601    7763.44    1.94953
116701    7769.69    1.81598
116801    7776.03    1.94004
116901    7782.94    1.75694
117001    7789.85    1.79444
117101    7796.44    1.74366
117201    7803.25    1.79401
117301    7809.23    1.68514
117401    7815.43    1.85527
117501    7822.81    1.76802
117601    7829.74    1.69454
117701    7835.86    1.80217
117801    7841.85    1.72137
117901    7848.28    1.68995
118001    7855    1.73032
118101    7861.83    1.72649
118201    7868.21    1.96628
118301    7875.32    2.12258
118401    7881.15    1.80851
118501    7887.95    1.75081
118601    7894.38    1.79722
118701    7900.88    1.80182
118801    7907.19    1.79709
118901    7914.09    1.79108
119001    7921.13    1.89678
119101    7927.11    1.79476
119201    7933.15    1.85802
119301    7939.61    1.78592
119401    7946.54    1.73615
119501    7952.7    1.7184
119601    7958.9    1.78174
119701    7965.33    1.77292
119801    7971.75    1.73818
119901    7977.89    1.69884
120001    7984.5    1.74599
120101    7990.9    1.75685
120201    7997.7    1.72421
120301    8004.4    1.81541
120401    8010.91    1.83083
120501    8017.98    1.76452
120601    8025.18    1.78719
120701    8031.74    1.83282
120801    8037.77    1.71477
120901    8044.71    1.7641
121001    8051.69    1.83682
121101    8058.26    1.99201
121201    8065.15    1.97126
121301    8071.45    1.67045
121401    8078    1.75974
121501    8085.16    1.7656
121601    8091.89    1.83977
121701    8097.7    2.00402
121801    8104.4    1.72464
121901    8110.69    1.63926
122001    8117.26    1.76283
122101    8123.84    1.86661
122201    8129.89    1.84147
122301    8136.25    1.6308
122401    8142.47    1.82817
122501    8149.66    1.67069
122601    8156.63    1.64286
122701    8163.38    1.78035
122801    8170.2    1.77374
122901    8176.64    1.7041
123001    8182.83    1.80183
123101    8189.48    1.69347
123201    8195.62    1.75964
123301    8202.14    1.88533
123401    8208.94    1.75654
123501    8215.56    1.85031
123601    8222.15    1.79655
123701    8228.9    1.79323
123801    8234.77    1.99857
123901    8241.08    1.73949
124001    8247.87    1.75014
124101    8254.46    1.95116
124201    8261.2    1.70769
124301    8267.29    1.74544
124401    8273.71    1.79456
124501    8279.6    1.90527
124601    8285.66    1.73804
124701    8292.08    1.81558
124801    8298.45    1.75919
124901    8304.79    1.7531
125001    8310.89    1.78248
125101    8317.67    1.70635
125201    8323.84    1.72515
125301    8330.28    1.87451
125401    8337.1    1.73077
125501    8343.19    1.63901
125601    8349.38    1.85264
125701    8356.12    1.84994
125801    8362.37    2.01412
125901    8368.42    1.81625
126001    8374.67    1.78276
126101    8381.55    1.74135
126201    8387.81    1.69155
126301    8394.52    1.80063
126401    8401.05    1.74223
126501    8408.1    1.78313
126601    8415.38    1.84589
126701    8422.4    1.77486
126801    8428.28    1.86731
126901    8434.27    1.90962
127001    8440.23    1.76333
127101    8447.67    1.71758
127201    8454.25    1.80789
127301    8460.66    1.70841
127401    8467.49    1.7242
127501    8474.08    1.92631
127601    8480.66    1.84993
127701    8487.28    1.78464
127801    8493.56    1.91202
127901    8500.71    1.91234
128001    8508.32    1.72045
128101    8514.8    1.70202
128201    8520.79    1.76791
128301    8527.47    1.67731
128401    8534.61    1.79994
128501    8541.04    1.76003
128601    8547.97    1.70729
128701    8554.72    1.85368
128801    8561.71    1.80298
128901    8568.37    1.78731
129001    8574.41    1.80787
129101    8580.74    1.74434
129201    8587.54    1.75527
129301    8594.38    1.86549
129401    8600.55    1.90319
129501    8606.99    1.67675
129601    8613.15    1.79552
129701    8619.93    1.7126
129801    8626.36    1.93806
129901    8632.57    1.83573
130001    8639.5    1.71362
130101    8645.93    1.72426
130201    8652.82    1.81021
130301    8659    1.73209
130401    8666.1    1.79411
130501    8672.6    1.78874
130601    8679.84    1.89175
130701    8686.28    1.72643
130801    8692.75    1.70707
130901    8698.96    1.72559
131001    8705.4    1.90712
131101    8712.4    1.71465
131201    8718.66    1.7774
131301    8725.73    1.81043
131401    8732.29    1.79555
131501    8738.96    1.83787
131601    8745.18    1.78247
131701    8751.23    1.78723
131801    8758.12    1.89694
131901    8764.55    1.76684
132001    8770.83    1.73052
132101    8777.01    1.86269
132201    8783.39    1.66238
132301    8789.77    1.91965
132401    8796.73    1.69393
132501    8803.09    1.73678
132601    8809.3    1.72337
132701    8816.75    1.79161
132801    8823.22    1.78248
132901    8830.11    1.77894
133001    8836.85    1.82566
133101    8843.79    1.8111
133201    8850.3    1.72915
133301    8856.4    1.74965
133401    8862.88    1.77104
133501    8869.65    1.75378
133601    8876.63    1.91669
133701    8883.47    1.77785
133801    8889.61    1.70477
133901    8895.42    1.69531
134001    8901.89    1.83053
134101    8908.67    1.83937
134201    8915.21    1.82468
134301    8921.42    1.83973
134401    8928.33    1.75802
134501    8934.88    1.75223
134601    8941.12    1.70037
134701    8948    1.74775
134801    8954.45    1.78941
134901    8961.21    1.85184
135001    8967.39    1.90254
135101    8974.3    1.82222
135201    8980.9    1.8526
135301    8987.47    2.0025
135401    8994.7    1.74311
135501    9001.45    1.73525
135601    9008.3    1.86642
135701    9014.49    1.78025
135801    9021.28    1.83134
135901    9027.72    1.88633
136001    9034.32    1.94591
136101    9040.39    1.88456
136201    9047.25    1.71338
136301    9053.64    1.76537
136401    9060.07    1.83274
136501    9066.35    1.78315
136601    9073.21    1.70195
136701    9080.32    1.78681
136801    9087.12    1.81477
136901    9093.55    1.78311
137001    9099.96    1.88389
137101    9106.43    1.69672
137201    9113.21    1.76257
137301    9120.51    1.85602
137401    9128.26    1.70595
137501    9135.6    1.70916
137601    9142.99    1.8139
137701    9150.94    1.75335
137801    9157.5    1.7467
137901    9164.19    1.71621
138001    9171.03    1.69866
138101    9177.83    1.87313
138201    9184.31    1.77163
138301    9191.19    1.71872
138401    9198.68    1.83257
138501    9205.86    1.71044
138601    9213.85    1.81511
138701    9221.2    1.63798
138801    9229.36    1.73866
138901    9236.97    1.68361
139001    9244.12    1.88126
139101    9252.02    1.86955
139201    9259.96    1.78367
139301    9267.95    1.81213
139401    9275.77    1.72652
139501    9283.5    1.90088
139601    9290.02    1.83199
139701    9297.47    1.94768
139801    9304.99    1.88533
139901    9312.51    1.85489
140001    9320.1    1.77658
140101    9328.28    1.76195
140201    9334.93    1.69081
140301    9341.71    1.72574
140401    9348.04    1.77458
140501    9354.33    1.69183
140601    9361.01    1.75937
140701    9367.64    1.80431
140801    9373.68    1.77288
140901    9379.77    1.77468
141001    9386.26    1.8049
141101    9392.72    1.85864
141201    9399.38    1.77804
141301    9405.55    1.89547
141401    9412.45    1.8045
141501    9419.65    1.76477
141601    9426.08    1.80215
141701    9432.52    1.83821
141801    9439.45    1.76438
141901    9445.96    1.81102
142001    9452.32    1.8095
142101    9459.45    1.79328
142201    9465.92    1.72921
142301    9472.74    1.78169
142401    9479.28    1.81212
142501    9485.64    1.8568
142601    9492.23    1.76097
142701    9498.85    1.85727
142801    9505.14    1.92296
142901    9511.82    1.81921
143001    9518.2    1.66525
143101    9524.6    1.93102
143201    9531.3    1.8794
143301    9537.91    1.73083
143401    9544.33    1.86771
143501    9550.76    1.79584
143601    9557.13    1.79879
143701    9563.53    1.93413
143801    9569.53    1.72705
143901    9576.13    1.84237
144001    9582.55    1.86595
144101    9589.09    2.10818
144201    9595.49    1.77504
144301    9601.92    1.68386
144401    9608.29    1.72837
144501    9615.19    1.74455
144601    9621.41    1.68908
144701    9627.87    1.75469
144801    9634.67    1.76194
144901    9640.94    1.6834
145001    9648.16    1.77628
145101    9655.5    1.91941
145201    9662.34    1.84156
145301    9669.92    1.88313
145401    9677.55    1.86066
145501    9683.78    1.73039
145601    9691.37    1.70422
145701    9698.53    1.755
145801    9706.03    1.6527
145901    9713.11    1.77868
146001    9719.86    1.8937
146101    9726.16    1.73109
146201    9734.37    1.74205
146301    9741.49    1.77884
146401    9749.21    1.88586
146501    9756.78    1.76523
146601    9763.91    1.88055
146701    9771.5    1.9365
146801    9778.91    1.87759
146901    9785.5    1.83469
147001    9792.99    1.90335
147101    9801.15    1.7769
147201    9809.13    1.75067
147301    9816.33    1.76521
147401    9822.64    1.70416
147501    9829.39    1.73253
147601    9836.85    1.77486
147701    9843.68    1.74179
147801    9850.37    1.92559
147901    9856.74    1.759
148001    9863.03    1.77691
148101    9869.03    1.69459
148201    9874.76    1.74689
148301    9880.85    1.73582
148401    9886.87    1.80756
148501    9892.16    1.84136
148601    9897.72    1.89238
148701    9903.64    2.07545
148801    9909.98    1.80789
148901    9915.76    1.9551
149001    9921.3    1.68712
149101    9927.03    1.70479
149201    9932.79    1.70819
149301    9938.38    1.83119
149401    9944.26    1.72885
149501    9950.31    1.69287
149601    9955.98    1.67392
149701    9961.49    1.70815
149801    9967.14    1.68528
149901    9972.66    1.73134
150001    9978.4    1.68824
150101    9984    1.7051
150201    9990.13    1.73597
150301    9996.35    1.73586
150401    10002    1.75665
150501    10007.7    1.69884
150601    10013.3    1.84463
150701    10018.9    1.87437
150801    10024.3    1.88006
150901    10029.6    1.87526
151001    10035.2    1.78827
151101    10040.8    1.79242
151201    10047.3    1.70695
151301    10053.6    1.74431
151401    10059.5    1.75659
151501    10065.6    1.72503
151601    10072.2    1.78687
151701    10078.2    1.72949
151801    10085    1.71375
151901    10090.9    1.76063
152001    10097.7    1.75742
152101    10104.8    1.76739
152201    10111.3    1.82236
152301    10118    1.94078
152401    10125.5    1.73673
152501    10131.9    1.78078
152601    10138    1.82275
152701    10143.9    1.86733
152801    10151.1    1.73332
152901    10157.7    1.87349
153001    10164.1    1.9183
153101    10170.9    1.8266
153201    10178.1    1.64842
153301    10185.1    1.73481
153401    10191.1    1.74382
153501    10198.1    1.81938
153601    10205.3    1.65777
153701    10211.7    1.70343
153801    10218.1    1.789
153901    10224.9    1.77332
154001    10231.7    1.67393
154101    10240.1    1.69064
154201    10246.8    1.64595
154301    10253.5    1.72842
154401    10260.6    1.85706
154501    10268    1.7682
154601    10275.5    1.79481
154701    10282    1.86538
154801    10288.4    1.66398
154901    10294.4    1.71405
155001    10302.3    1.76535
155101    10309.5    1.83186
155201    10316.1    1.79022
155301    10322.9    1.83233
155401    10330.4    1.72358
155501    10337.7    1.80329
155601    10345.2    1.74886
155701    10353    1.74188
155801    10360.2    1.65293
155901    10367.8    1.78693
156001    10375    1.7896
156101    10382.4    1.81343
156201    10389.3    1.80261
156301    10395.8    1.85734
156401    10403.2    1.87208
156501    10410.4    1.81344
156601    10416.4    1.77763
156701    10424.2    1.82021
156801    10432.1    1.72091
156901    10439.5    1.89274
157001    10446.8    1.80333
157101    10454.2    1.85039
157201    10462    1.65148
157301    10469.6    1.85312
157401    10477.3    1.61948
157501    10485.8    1.7519
157601    10492.8    1.63067
157701    10500.8    1.73243
157801    10508.9    1.80292
157901    10517.5    1.77802
158001    10525.1    1.67755
158101    10532.5    1.90381
158201    10539.9    1.73337
158301    10547.2    1.69253
158401    10555.1    1.73956
158501    10562.6    1.76499
158601    10570.3    1.8039
158701    10578.1    1.79093
158801    10585.9    1.67293
158901    10593.5    1.82826
159001    10600.9    1.77658
159101    10608.6    1.78389
159201    10617.4    1.75423
159301    10625.1    1.75014
159401    10632.3    1.70091
159501    10638.9    1.72985
159601    10646.6    1.77756
159701    10653.9    1.70139
159801    10660.4    1.77695
159901    10667.1    1.80047
160001    10675    1.68387
160101    10682.1    1.6854
160201    10688.8    1.70861
160301    10696.3    1.66395
160401    10703.5    1.72286
160501    10710.8    1.83228
160601    10718    1.74878
160701    10725.9    1.78129
160801    10733.5    1.68667
160901    10741.1    1.76445
161001    10749.3    1.73296
161101    10756.8    1.79081
161201    10763.4    1.76091
161301    10770.3    1.71063
161401    10777.1    1.6634
161501    10783.6    1.65576
161601    10790.3    1.65978
161701    10796.7    1.72127
161801    10803.8    1.66358
161901    10811.5    1.67385
162001    10819    1.64143
162101    10825.8    1.77896
162201    10833.7    1.74851
162301    10842    1.80131
162401    10849.3    1.76945
162501    10856.4    1.79753
162601    10863.4    1.69438
162701    10870.9    1.79748
162801    10877.9    1.64516
162901    10884    1.76191
163001    10890.4    1.80477
163101    10897.3    1.78069
163201    10903.3    1.78725
163301    10909.9    1.79648
163401    10917    1.66575
163501    10925.1    1.74364
163601    10931.5    1.80092
163701    10939.5    1.79815
163801    10946.5    1.80767
163901    10953.8    1.76478
164001    10960.9    1.75303
164101    10968.3    1.93528
164201    10975.5    1.75482
164301    10982.7    1.97202
164401    10990.5    1.75917
164501    10997.6    1.66747
164601    11004.1    1.77071
164701    11011.6    1.77897
164801    11019.2    1.7694
164901    11026.4    1.90711
165001    11034.5    1.77463
165101    11042.4    1.79253
165201    11049.3    1.80839
165301    11056    1.73872
165401    11062.9    1.68462
165501    11070.3    1.72801
165601    11078.6    1.68872
165701    11086.6    1.85296
165801    11094.4    1.74579
165901    11101.8    1.74136
166001    11110.8    1.78829
166101    11118.1    1.69188
166201    11125.8    1.73985
166301    11133.8    1.85369
166401    11141.1    1.79083
166501    11148.4    1.79775
166601    11157.2    1.75363
166701    11165.9    1.68718
166801    11173.7    1.7589
166901    11180.5    1.69613
167001    11187.8    1.71059
167101    11195.4    1.67921
167201    11202.4    1.72465
167301    11210.5    1.70645
167401    11218.3    1.75691
167501    11226.4    1.72941
167601    11233.8    1.86953
167701    11240.3    1.72204
167801    11247.4    1.87141
167901    11254.1    2.01019
168001    11261.6    1.84458
168101    11269.9    1.85217
168201    11278.8    1.73461
168301    11286    1.76512
168401    11292.8    1.67341
168501    11300    1.74199
168601    11307.3    1.70884
168701    11314.2    1.91272
168801    11321.1    1.71204
168901    11328.4    1.70845
169001    11335.1    1.75369
169101    11342.4    1.79199
169201    11349    1.84336
169301    11355.9    1.70643
169401    11362.5    1.79289
169501    11369.6    1.77779
169601    11376.4    1.91471
169701    11383.2    1.75827
169801    11389.7    1.71123
169901    11396.2    1.66501
170001    11403.1    1.72613
170101    11409.7    1.78045
170201    11416.8    1.82717
170301    11423.7    1.78765
170401    11430.4    1.74754
170501    11436.7    1.67953
170601    11444.7    1.71538
170701    11451.8    1.68913
170801    11458.6    1.67684
170901    11465.1    1.71258
171001    11472.1    1.65623
171101    11479.2    1.64391
171201    11486.2    1.77064
171301    11493.2    1.90885
171401    11501    1.71907
171501    11507.9    1.7108
171601    11515.3    1.86475
171701    11522.7    1.7942
171801    11530.2    1.78831
171901    11536.9    1.77524
172001    11543.3    1.73597
172101    11550.4    1.81257
172201    11557.2    1.69012
172301    11564.6    1.70391
172401    11571.2    1.84744
172501    11578    1.65003
172601    11585    1.66814
172701    11592.3    1.70201
172801    11599.3    1.90897
172901    11606.9    1.70139
173001    11614.2    1.79223
173101    11620.7    1.68926
173201    11627.7    1.69201
173301    11635.1    1.71992
173401    11642.2    1.70487
173501    11648.4    1.66843
173601    11655.8    1.65418
173701    11662.8    1.69581
173801    11669.6    1.72045
173901    11676.6    1.72333
174001    11683.3    1.70017
174101    11690    1.74761
174201    11696.9    1.72978
174301    11703.4    1.80143
174401    11710    1.96587
174501    11716.7    1.83485
174601    11723.6    1.73176
174701    11730.3    1.65981
174801    11737.6    1.6923
174901    11744.8    1.68266
175001    11751.8    1.8232
175101    11758.7    1.73687
175201    11765.8    1.78002
175301    11773.1    1.64424
175401    11779.9    1.87362
175501    11786.6    1.8907
175601    11793.5    1.80212
175701    11800.4    1.66933
175801    11807.8    1.67379
175901    11814.6    1.77675
176001    11821.7    1.81405
176101    11828.4    1.80618
176201    11835.4    1.84277
176301    11842.3    1.88904
176401    11848.9    1.76205
176501    11855.9    1.75103
176601    11863.3    1.79373
176701    11870.8    1.80526
176801    11878    1.80968
176901    11884.5    1.88123
177001    11891.4    1.95119
177101    11898.3    1.78758
177201    11905.3    1.79835
177301    11912.2    1.68882
177401    11920    1.73419
177501    11927.4    1.68215
177601    11934.7    1.87019
177701    11941.8    1.7677
177801    11948.6    1.71611
177901    11955    1.78919
178001    11962.2    1.83414
178101    11969.2    1.64396
178201    11975.8    1.78119
178301    11982.8    1.72945
178401    11989.9    1.78385
178501    11996.6    1.89772
178601    12003.5    1.68532
178701    12010.8    1.69746
178801    12017.7    1.68773
178901    12024.7    1.65477
179001    12031.6    1.74558
179101    12038.5    1.6314
179201    12045.2    1.7141
179301    12052.3    1.64601
179401    12059.5    1.76455
179501    12066.3    1.76838
179601    12073.6    1.74864
179701    12081.3    1.83571
179801    12088.3    1.76147
179901    12096    1.7976
180001    12102.8    1.70786
180101    12109.6    1.64923
180201    12116.2    1.75133
180301    12123.4    1.76217
180401    12130.4    1.7706
180501    12137.1    2.06313
180601    12143.9    1.7725
180701    12150.8    1.75678
180801    12157.3    1.75185
180901    12164.5    1.79443
181001    12170.9    1.77288
181101    12178.1    1.81046
181201    12184.8    1.61383
181301    12192.1    1.65746
181401    12199.4    1.68862
181501    12206.6    1.73976
181601    12214    1.67555
181701    12220.6    1.71844
181801    12227.4    1.83498
181901    12234.4    1.92423
182001    12241.2    1.85287
182101    12248.5    1.76545
182201    12255    1.81838
182301    12262    1.78482
182401    12268.9    1.68606
182501    12276    1.73142
182601    12282.4    1.83331
182701    12289.3    1.72455
182801    12295.6    1.74504
182901    12302.5    1.6771
183001    12309.4    1.74661
183101    12316.7    1.75147
183201    12323.5    1.85427
183301    12330.9    1.60779
183401    12337.6    1.7822
183501    12345    1.81333
183601    12352.2    1.80862
183701    12359.2    1.74605
183801    12366    1.67235
183901    12372.5    1.74651
184001    12378.9    1.71359
184101    12386.2    1.81798
184201    12393.4    1.65906
184301    12399.8    1.72348
184401    12406.5    1.67111
184501    12413.3    1.73726
184601    12419.8    1.9397
184701    12426.5    1.8154
184801    12433.2    1.67906
184901    12440.8    1.71946
185001    12447.4    1.82057
185101    12453.9    1.67925
185201    12460.7    1.66721
185301    12467.7    1.77853
185401    12474    1.85573
185501    12480.4    2.21694
185601    12487.1    1.86643
185701    12493.8    1.93944
185801    12501.2    1.71405
185901    12508.1    1.79167
186001    12514.7    1.73254
186101    12521.7    1.72142
186201    12528.3    1.67833
186301    12535.3    1.72984
186401    12542.3    1.8309
186501    12549.5    1.70567
186601    12556.5    1.78694
186701    12563.6    1.7684
186801    12570.5    1.77818
186901    12577.7    1.7006
187001    12584.7    1.6457
187101    12591.6    1.68949
187201    12598.3    1.76448
187301    12605.4    1.7155
187401    12611.9    1.77261
187501    12619    1.84153
187601    12625.6    1.8847
187701    12632.1    1.81641
187801    12638.8    1.8526
187901    12645.9    1.67981
188001    12653.3    1.73521
188101    12660    1.69055
188201    12667.7    1.68662
188301    12674.8    1.70042
188401    12681    1.67407
188501    12687.8    1.76212
188601    12694.8    1.77879
188701    12701.8    1.79659
188801    12708.2    1.68472
188901    12715.3    1.79216
189001    12722.6    1.67481
189101    12729.4    1.77123
189201    12736.4    1.81461
189301    12743.4    1.80203
189401    12750.5    1.78652
189501    12757.3    1.76321
189601    12764.4    1.67646
189701    12771.9    1.82403
189801    12779.1    1.70232
189901    12786.5    1.8309
190001    12793.8    1.8258
190101    12800.6    1.7171
190201    12807.7    1.86105
190301    12814.1    1.93757
190401    12821.4    1.70816
190501    12828.4    1.76684
190601    12835.2    1.78517
190701    12842.3    1.69435
190801    12849.3    1.86217
190901    12856.3    1.79112
191001    12863.1    1.89007
191101    12870.2    1.74188
191201    12877.5    1.7715
191301    12884.4    1.67219
191401    12891.8    1.67863
191501    12898.8    1.60828
191601    12906.1    1.66977
191701    12913.6    1.70391
191801    12920.4    1.71889
191901    12927.2    1.86474
192001    12934.1    1.77868
192101    12940.7    1.72887
192201    12947.2    1.72544
192301    12954.2    1.64774
192401    12961.2    1.67947
192501    12968    1.71624
192601    12975.2    1.79681
192701    12982.1    1.78859
192801    12988.7    1.69086
192901    12995.9    1.72098
193001    13002.5    1.61567
193101    13010    1.68159
193201    13017.2    1.87253
193301    13024    1.61741
193401    13031.6    1.75433
193501    13038.8    1.68247
193601    13045.6    1.79347
193701    13052.4    1.70018
193801    13059.7    1.76394
193901    13066.6    1.7624
194001    13073.1    1.72552
194101    13080.1    1.87162
194201    13086.8    1.62562
194301    13093.4    1.7027
194401    13100.5    1.79529
194501    13107.6    1.65278
194601    13114.5    1.81298
194701    13121    1.84678
194801    13127.9    1.87499
194901    13134.8    1.74321
195001    13142    1.71302
195101    13149    1.69815
195201    13156.3    1.77555
195301    13163.9    1.74277
195401    13170.5    1.69492
195501    13177.4    1.77488
195601    13184.7    1.70226
195701    13191.4    1.71696
195801    13198.4    1.70342
195901    13205.1    1.72213
196001    13211.6    1.71958
196101    13218.5    1.66612
196201    13225.5    1.7003
196301    13232.8    1.75114
196401    13239.6    1.79074
196501    13246.1    1.72724
196601    13253.9    1.75144
196701    13261.1    1.7165
196801    13268.1    1.69616
196901    13274.8    1.75409
197001    13281.9    1.69142
197101    13288.9    1.71336
197201    13296    1.65963
197301    13303    1.64801
197401    13309.6    1.62914
197501    13316.7    1.71832
197601    13323.4    1.67382
197701    13330.1    1.66193
197801    13336.8    1.72339
197901    13343.4    1.80831
198001    13350.8    1.6567
