1    2.74432    2.59077
101    10.7069    2.58517
201    17.8831    2.70915
301    25.215    3.00628
401    32.4485    3.05098
501    40.362    2.57701
601    48.0707    2.61323
701    54.9437    2.5762
801    62.6934    3.18086
901    69.5992    2.91954
1001    77.2588    2.58208
1101    84.3039    3.06936
1201    91.7094    3.16101
1301    98.7955    2.59992
1401    106.324    2.78369
1501    113.558    3.27272
1601    120.898    2.74611
1701    128.033    2.87288
1801    135.217    2.93509
1901    142.549    2.73664
2001    150.036    3.02159
2101    157.164    2.78274
2201    164.397    2.93273
2301    171.794    2.61332
2401    179.421    2.66963
2501    187.113    2.75568
2601    194.929    2.93782
2701    202.121    2.99809
2801    209.912    2.84747
2901    217.326    2.76059
3001    224.961    2.6406
3101    232.432    2.59055
3201    239.714    2.73083
3301    247.464    2.64871
3401    255.058    2.98734
3501    262.332    2.58592
3601    269.337    2.58651
3701    276.791    2.60797
3801    283.828    2.61591
3901    291.258    2.7654
4001    298.729    2.58192
4101    305.955    2.54217
4201    313.557    2.47792
4301    320.717    2.63296
4401    328.253    2.61906
4501    335.29    2.80191
4601    341.991    2.49635
4701    349.684    2.5313
4801    357.163    2.58358
4901    365.224    2.53228
5001    372.433    2.71482
5101    379.879    2.54089
5201    387.203    2.67989
5301    394.15    2.75821
5401    401.138    2.57831
5501    408.33    2.81803
5601    415.416    2.59232
5701    423.15    2.54405
5801    429.965    2.53996
5901    436.945    2.71415
6001    444.441    2.78102
6101    451.756    2.53788
6201    459.194    2.53825
6301    466.387    2.68276
6401    474.423    2.58426
6501    482.075    2.53662
6601    489.562    2.46436
6701    497.017    2.56398
6801    503.923    2.47864
6901    511.05    2.65419
7001    518.431    2.46168
7101    525.959    2.52591
7201    533.463    2.41813
7301    540.238    2.38003
7401    547.299    2.40501
7501    554.779    2.49197
7601    561.889    2.68524
7701    568.967    2.32645
7801    576.471    2.51758
7901    583.983    2.37704
8001    590.815    2.4066
8101    597.492    2.34172
8201    605.454    2.34987
8301    612.467    2.35451
8401    619.7    2.48703
8501    627.335    2.38006
8601    634.773    2.36118
8701    642.228    2.35871
8801    649.83    2.52571
8901    657.727    2.3981
9001    665.715    2.40424
9101    673.014    2.35476
9201    680.681    2.45796
9301    687.94    2.35281
9401    695.239    2.44941
9501    702.824    2.3037
9601    710.812    2.38064
9701    718.668    2.25861
9801    726.106    2.28271
9901    734.077    2.29065
10001    741.007    2.37121
10101    748.626    2.60802
10201    756.072    2.44173
10301    763.568    2.28318
10401    771.162    2.48385
10501    778.371    2.42679
10601    785.277    2.22815
10701    791.888    2.21932
10801    798.884    2.31161
10901    807.1    2.50188
11001    814.301    2.26593
11101    821.461    2.20255
11201    828.473    2.27742
11301    836.461    2.3332
11401    843.997    2.23189
11501    851.231    2.25472
11601    858.923    2.26273
11701    866.042    2.33444
11801    873.382    2.1888
11901    880.927    2.44521
12001    888.349    2.10708
12101    895.181    2.29704
12201    903.455    2.11383
12301    910.991    2.27246
12401    918.315    2.31802
12501    926.007    2.39009
12601    933.552    2.21243
12701    940.679    2.22074
12801    948.576    2.27537
12901    955.793    2.15225
13001    962.92    2.31779
13101    970.146    2.31495
13201    977.519    2.14063
13301    985.17    2.3208
13401    992.092    2.37439
13501    999.596    2.25085
13601    1006.75    2.32303
13701    1013.57    2.25658
13801    1020.85    2.28145
13901    1028.2    2.19552
14001    1035.76    2.16571
14101    1043.09    2.23636
14201    1049.93    2.15831
14301    1057.96    2.22647
14401    1064.93    2.14133
14501    1072.78    2.1586
14601    1080.02    2.20136
14701    1086.76    2.27876
14801    1093.52    2.11766
14901    1100.37    2.20985
15001    1107.75    2.12673
15101    1114.65    2.25881
15201    1121.99    2.17979
15301    1129.22    1.98847
15401    1136.09    2.19017
15501    1143.35    2.18428
15601    1150.56    2.0998
15701    1157.87    2.19546
15801    1165.76    2.21038
15901    1173.24    2.0606
16001    1180.3    2.03558
16101    1187.67    2.1391
16201    1195.28    2.14512
16301    1202.59    2.10133
16401    1209.61    1.99391
16501    1216.5    2.2838
16601    1223.19    2.14294
16701    1230.27    2.01365
16801    1237.43    2.10092
16901    1244.57    2.20575
17001    1251.83    2.18973
17101    1259.23    2.08095
17201    1267.09    2.16366
17301    1274.56    2.01477
17401    1281.83    2.111
17501    1289.28    2.23188
17601    1296.93    2.07852
17701    1304.47    2.42927
17801    1312.4    2.08619
17901    1319.68    2.0562
18001    1326.62    2.09605
18101    1334.72    2.24974
18201    1341.99    2.26506
18301    1349.57    2.15533
18401    1356.24    2.1462
18501    1363.03    2.11498
18601    1369.78    2.45884
18701    1376.75    2.23739
18801    1383.74    2.12453
18901    1390.76    2.06705
19001    1398.85    2.22433
19101    1405.79    2.16423
19201    1412.86    2.05814
19301    1419.83    2.09876
19401    1427.82    2.09798
19501    1434.91    2.07279
19601    1442.33    2.23529
19701    1450.3    2.33532
19801    1457.74    2.01479
19901    1465.03    2.05448
20001    1472.32    2.06084
20101    1479.57    2.22681
20201    1486.5    2.42971
20301    1493.68    2.14892
20401    1500.9    2.07441
20501    1507.99    2.21193
20601    1515.46    2.15628
20701    1522.56    2.3479
20801    1529.79    1.95319
20901    1536.86    1.98877
21001    1543.97    2.05847
21101    1550.77    2.01143
21201    1557.81    2.02122
21301    1565.22    2.05895
21401    1572.23    2.01544
21501    1579    2.27009
21601    1586.09    2.15703
21701    1593.07    2.01754
21801    1599.86    2.18209
21901    1607.8    2.00568
22001    1614.9    1.96679
22101    1622.34    1.98085
22201    1629.9    2.08234
22301    1637.14    2.00218
22401    1644.96    2.19358
22501    1651.75    2.16416
22601    1658.32    2.32128
22701    1665.99    1.99139
22801    1672.44    1.99621
22901    1678.99    2.14346
23001    1686.15    2.08077
23101    1692.93    1.95517
23201    1700.02    2.01585
23301    1707.02    2.16386
23401    1714.01    2.10892
23501    1721.56    1.9639
23601    1728.68    1.96932
23701    1736.04    2.08599
23801    1742.63    2.22494
23901    1749.75    2.15184
24001    1756.91    2.12524
24101    1764.6    1.9451
24201    1771.87    2.14126
24301    1779.18    2.01356
24401    1786.26    2.04123
24501    1793.28    2.06577
24601    1800.57    2.02129
24701    1807.68    2.05717
24801    1815.1    2.08748
24901    1821.67    2.12096
25001    1829.4    1.96786
25101    1836.62    2.06138
25201    1844.03    1.89803
25301    1851.35    2.05167
25401    1858.47    2.03341
25501    1865.67    1.92678
25601    1872.72    2.12309
25701    1879.74    2.07688
25801    1887.16    2.05471
25901    1893.83    2.13809
26001    1901.45    2.00998
26101    1908.5    1.9948
26201    1916.01    2.02504
26301    1922.96    2.12614
26401    1929.79    1.96358
26501    1937.23    2.08652
26601    1944.54    2.05801
26701    1952.12    2.94865
26801    1959.19    1.8979
26901    1966.15    2.00255
27001    1972.9    2.06935
27101    1979.58    1.98727
27201    1986.17    2.00086
27301    1993.7    1.9785
27401    2000.64    2.04883
27501    2007.74    1.97468
27601    2014.51    1.94914
27701    2021.74    2.05683
27801    2028.54    2.05987
27901    2035.56    2.00258
28001    2042.62    2.07636
28101    2049.59    2.49904
28201    2057.4    1.96834
28301    2064.4    2.03236
28401    2071.17    2.09717
28501    2078.52    2.10931
28601    2086.31    1.91539
28701    2092.62    1.99164
28801    2099.81    2.00523
28901    2106.84    2.03569
29001    2114.76    2.07826
29101    2122.3    1.89449
29201    2129.38    2.20054
29301    2136.47    1.9918
29401    2143.39    2.01994
29501    2150.44    1.95258
29601    2157.76    2.01576
29701    2164.97    2.06699
29801    2172.25    1.94589
29901    2178.84    2.05236
30001    2186.8    1.97116
30101    2193.6    1.8954
30201    2201.48    1.9448
30301    2208.1    1.85472
30401    2215.31    1.91543
30501    2222.17    1.96324
30601    2229.03    1.96031
30701    2236.13    1.8335
30801    2243    2.02202
30901    2250.75    2.04027
31001    2257.85    2.03456
31101    2265.24    1.993
31201    2271.74    2.13428
31301    2278.88    2.04292
31401    2285.9    2.02297
31501    2292.46    2.01995
31601    2300.19    2.05985
31701    2307.66    1.97077
31801    2314.9    1.98523
31901    2321.88    2.00577
32001    2328.99    2.24106
32101    2336.08    2.04045
32201    2343.42    1.92764
32301    2351.08    2.10022
32401    2357.77    2.07824
32501    2365.01    1.96338
32601    2372.48    2.062
32701    2379.59    2.00036
32801    2387.27    1.9669
32901    2394.28    2.21206
33001    2401.76    1.93856
33101    2409.48    1.90771
33201    2417.07    1.89632
33301    2424.27    2.07228
33401    2431.61    1.87671
33501    2439.24    1.94849
33601    2446.52    1.93036
33701    2453.39    2.09266
33801    2460.52    2.13205
33901    2467.68    1.97021
34001    2475.43    1.99371
34101    2482.25    2.25661
34201    2489.39    2.46491
34301    2495.95    2.19963
34401    2503.36    2.15977
34501    2510.45    2.07443
34601    2518.37    2.00781
34701    2525.9    1.93443
34801    2532.83    1.90785
34901    2539.9    2.02714
35001    2547.34    1.99
35101    2554.76    2.01834
35201    2561.86    1.95808
35301    2568.81    1.92453
35401    2576.68    1.97706
35501    2583.79    2.02109
35601    2591.23    1.9966
35701    2598.52    1.90837
35801    2605.33    2.01179
35901    2612.4    2.00235
36001    2619.48    1.96461
36101    2626.39    2.17587
36201    2633.8    1.84163
36301    2641.69    1.91261
36401    2649.92    2.07704
36501    2657.43    2.007
36601    2664.82    2.03561
36701    2671.88    1.96357
36801    2678.5    1.88068
36901    2686.43    1.89758
37001    2693.07    1.84512
37101    2700.12    1.98677
37201    2707.53    2.61107
37301    2714.62    2.04867
37401    2721.93    2.09095
37501    2728.8    2.5478
37601    2735.15    2.10564
37701    2741.89    2.14571
37801    2749.36    1.97773
37901    2756.45    1.9308
38001    2763.74    2.00243
38101    2770.26    2.03109
38201    2777.97    1.91564
38301    2784.92    2.01824
38401    2792.33    1.94574
38501    2799.74    2.13548
38601    2807.2    1.89849
38701    2814.73    1.92671
38801    2821.9    1.94092
38901    2829.23    1.87392
39001    2836.11    2.041
39101    2843.35    2.00734
39201    2850.33    1.84684
39301    2857.68    2.12436
39401    2865.14    2.0546
39501    2872.12    2.29486
39601    2879.85    2.07548
39701    2886.85    2.01181
39801    2894.27    2.06934
39901    2902.44    1.9049
40001    2910.3    1.95691
40101    2916.92    1.94656
40201    2924.49    1.80356
40301    2931    1.83648
40401    2938.03    1.96142
40501    2945.38    2.05694
40601    2952.36    2.07355
40701    2959.5    1.89418
40801    2966.27    1.9338
40901    2973.43    1.92452
41001    2980.34    2.10224
41101    2988.32    1.93756
41201    2995.53    2.03318
41301    3003.02    2.11611
41401    3009.63    1.88444
41501    3017.29    2.18802
41601    3025.06    2.02252
41701    3032.92    1.8277
41801    3039.61    1.94434
41901    3047.34    1.90375
42001    3054.92    2.0203
42101    3062.18    1.92209
42201    3069.53    1.99581
42301    3077.13    1.89041
42401    3084.58    1.79862
42501    3093.01    1.95831
42601    3100.83    1.95884
42701    3107.92    1.89253
42801    3115.11    2.02583
42901    3122.12    2.19478
43001    3129.11    1.99802
43101    3136.64    1.95348
43201    3143.93    1.90248
43301    3151.08    1.97464
43401    3158.28    1.88394
43501    3165.94    2.00731
43601    3173.06    1.82584
43701    3180.58    1.88279
43801    3188.2    2.04105
43901    3195.52    2.08335
44001    3202.15    1.9312
44101    3209.83    1.94516
44201    3217.24    1.96956
44301    3224.51    1.85777
44401    3231.8    1.934
44501    3239.35    1.90876
44601    3246.87    1.97959
44701    3254.16    1.94161
44801    3261.19    2.05321
44901    3268.63    2.0882
45001    3275.7    1.89967
45101    3282.47    1.85025
45201    3289.97    1.91853
45301    3296.87    1.85771
45401    3304.05    1.92421
45501    3311.24    1.89836
45601    3318.24    1.83333
45701    3325.59    2.0558
45801    3331.74    1.95933
45901    3339.78    1.8522
46001    3346.92    1.91445
46101    3354.5    1.9641
46201    3362.07    1.94051
46301    3369.14    1.87261
46401    3376.11    1.94985
46501    3383.75    1.95603
46601    3390.73    2.17596
46701    3397.76    2.28431
46801    3404.74    1.81271
46901    3412.46    1.90188
47001    3418.63    1.8547
47101    3426.47    1.84317
47201    3433.98    1.78984
47301    3441.01    1.9659
47401    3448.2    1.92024
47501    3455.34    1.95948
47601    3463.5    1.93812
47701    3470.08    1.84673
47801    3477.38    2.06056
47901    3484.67    2.07475
48001    3491.99    1.8582
48101    3499.76    1.94757
48201    3506.94    2.07445
48301    3514.25    1.9346
48401    3522.22    1.91488
48501    3529.71    1.9474
48601    3537.13    1.81872
48701    3545.06    1.92808
48801    3552.01    1.82621
48901    3559.47    1.9504
49001    3566.4    1.99476
49101    3573.85    2.06456
49201    3581.3    1.87987
49301    3588.92    1.96829
49401    3596.21    2.07605
49501    3604.16    2.03293
49601    3611.25    1.87278
49701    3618.41    2.01405
49801    3625.23    2.05669
49901    3632.69    2.04155
50001    3639.84    1.84354
50101    3647.2    1.81032
50201    3654.5    1.87768
50301    3662.51    1.9143
50401    3670.56    1.85465
50501    3678.52    1.95551
50601    3685.79    1.9687
50701    3692.91    1.90007
50801    3699.34    2.06669
50901    3707.07    1.84789
51001    3714.7    1.82776
51101    3721.2    1.94792
51201    3728.33    1.9618
51301    3735.95    1.93642
51401    3742.29    1.92145
51501    3750.92    1.94351
51601    3758.4    1.86895
51701    3764.68    1.88941
51801    3772.47    2.03168
51901    3779.73    1.98573
52001    3787.19    1.98462
52101    3794.52    1.81823
52201    3802.04    2.00241
52301    3809.03    1.99459
52401    3816.33    2.09319
52501    3823.32    2.00631
52601    3830.25    1.87192
52701    3837.21    1.81706
52801    3844.86    1.9158
52901    3852.82    1.82517
53001    3860.89    1.92383
53101    3867.99    2.03281
53201    3875.26    1.86872
53301    3882.71    1.91882
53401    3890.66    1.86818
53501    3897.7    1.86669
53601    3905.31    2.09663
53701    3912.49    1.95311
53801    3919.42    2.30195
53901    3926.99    1.88819
54001    3933.46    1.95701
54101    3940.36    1.91577
54201    3948.25    1.84323
54301    3955.38    1.87514
54401    3962.49    1.9233
54501    3970.51    1.93369
54601    3977.89    1.93083
54701    3985.58    1.9105
54801    3992.36    2.13115
54901    3999.1    1.91259
55001    4006.49    1.89516
55101    4012.69    1.80931
55201    4020.04    1.96715
55301    4028.24    1.8758
55401    4035.76    2.2759
55501    4042.68    1.9191
55601    4050.3    1.89009
55701    4058.06    1.90667
55801    4065.57    1.79683
55901    4072.35    1.86805
56001    4079.37    2.04854
56101    4086.52    1.89058
56201    4094.3    2.1262
56301    4101.54    1.96605
56401    4109    1.85499
56501    4116.04    1.94179
56601    4122.94    2.01157
56701    4130.55    2.22498
56801    4137.88    1.88911
56901    4145.62    1.89456
57001    4152.55    1.89148
57101    4160.29    1.93262
57201    4167.98    1.86841
57301    4175.72    1.84224
57401    4182.6    1.88832
57501    4189.55    1.81871
57601    4197.92    2.04995
57701    4204.6    1.78326
57801    4212.05    2.18809
57901    4219.85    1.93977
58001    4227.38    1.92921
58101    4234.39    2.01756
58201    4242.01    1.9725
58301    4249.32    1.84072
58401    4256.38    1.92926
58501    4264.89    1.84033
58601    4272.26    1.83235
58701    4279.4    1.90861
58801    4286.86    1.97918
58901    4294.34    1.96758
59001    4302.27    1.96905
59101    4309.99    1.82249
59201    4316.7    1.84412
59301    4323.43    1.94928
59401    4330.59    1.7848
59501    4337.54    1.90952
59601    4344.13    1.83338
59701    4351.84    1.95621
59801    4358.27    2.00975
59901    4366.15    1.85176
60001    4373.39    1.90798
60101    4380.82    1.90175
60201    4387.94    2.18931
60301    4396.6    1.8528
60401    4404.45    1.91636
60501    4412.74    1.84811
60601    4419.51    1.95079
60701    4426.42    1.82435
60801    4434.52    1.95522
60901    4442.31    1.97659
61001    4449.69    1.92991
61101    4458.01    1.92285
61201    4464.96    1.93515
61301    4471.91    1.86522
61401    4478.74    1.98584
61501    4486.25    1.77571
61601    4492.44    1.91844
61701    4500.18    1.82739
61801    4508.24    1.91701
61901    4515.31    1.81515
62001    4522.58    1.89901
62101    4529.87    1.81368
62201    4536.93    1.92612
62301    4544.47    1.96043
62401    4552.19    1.85504
62501    4559.7    1.88268
62601    4566.97    1.75512
62701    4574.44    2.09821
62801    4581.54    1.98424
62901    4588.43    1.86461
63001    4595.91    1.85524
63101    4603.28    1.92905
63201    4611.19    1.89672
63301    4619.24    1.91104
63401    4626.79    2.02575
63501    4633.85    1.88769
63601    4641.19    1.96479
63701    4648.47    2.0165
63801    4656.41    1.94684
63901    4663.94    1.96887
64001    4670.86    2.024
64101    4678.06    2.02627
64201    4685.32    1.98829
64301    4693.71    1.95274
64401    4700.62    1.92253
64501    4708.8    1.80098
64601    4716.08    1.8173
64701    4723.69    1.88614
64801    4731.28    2.02846
64901    4738.57    1.94569
65001    4745.98    1.82977
65101    4753.72    1.80004
65201    4760.66    1.85838
65301    4767.34    1.91101
65401    4774.86    1.79928
65501    4781.88    1.9058
65601    4788.64    1.83592
65701    4796.32    1.84679
65801    4803.18    1.92298
65901    4809.96    1.95817
66001    4817.22    1.93338
66101    4824.72    1.9499
66201    4831.94    1.99222
66301    4839.89    1.77783
66401    4847.45    1.92222
66501    4854.73    1.80914
66601    4862.04    1.89393
66701    4868.17    1.97674
66801    4875.25    1.75551
66901    4882.21    1.95442
67001    4888.51    1.86981
67101    4896.14    1.98348
67201    4903.43    1.82008
67301    4910.58    1.89524
67401    4917.88    1.82
67501    4925.1    1.97713
67601    4932.49    1.85317
67701    4940.02    1.87325
67801    4947.42    1.80097
67901    4954.09    1.80312
68001    4961.63    1.8289
68101    4969.05    1.91771
68201    4976.67    1.93671
68301    4984.61    1.8529
68401    4992.28    1.86176
68501    4999.61    1.87569
68601    5006.81    1.92532
68701    5013.64    1.87915
68801    5021.1    1.84222
68901    5028.45    1.88186
69001    5036.38    1.93961
69101    5043.5    1.95103
69201    5050.88    1.99057
69301    5058.67    1.84049
69401    5065.88    1.88034
69501    5073.47    2.05529
69601    5081.52    1.9449
69701    5088.94    1.94319
69801    5096.13    1.92826
69901    5103.12    1.97351
70001    5110.32    1.9787
70101    5118.51    1.92093
70201    5125.36    1.91048
70301    5133.44    1.91225
70401    5140.62    1.74714
70501    5148.01    1.92797
70601    5155.73    1.85608
70701    5162.93    1.79954
70801    5170.14    1.81696
70901    5178.37    1.97329
71001    5186.63    1.99331
71101    5193.67    1.80283
71201    5201.18    1.93508
71301    5208.43    2.1535
71401    5216.56    1.83727
71501    5223.96    1.88717
71601    5232.37    1.80349
71701    5240.19    2.03738
71801    5248.01    1.86635
71901    5255.85    1.93325
72001    5263    1.94682
72101    5270.59    1.80315
72201    5277.84    1.7607
72301    5285.53    1.93542
72401    5293.04    1.86332
72501    5301.24    1.81204
72601    5308.09    1.95508
72701    5315.68    1.78041
72801    5322.57    1.76448
72901    5330.31    1.91853
73001    5337.69    1.865
73101    5345.32    1.94513
73201    5352.51    1.89454
73301    5360.69    1.83043
73401    5368.82    1.92366
73501    5376.62    1.86319
73601    5384.04    1.91296
73701    5391.67    1.84778
73801    5398.91    1.83297
73901    5406.89    1.93479
74001    5414.11    1.92525
74101    5421.89    1.89295
74201    5428.72    1.95569
74301    5436.46    1.80922
74401    5444.79    1.88782
74501    5452.17    1.8778
74601    5459.3    1.75
74701    5466.8    1.90254
74801    5474.23    2.00013
74901    5481.42    1.9812
75001    5488.25    2.04541
75101    5495.04    1.86838
75201    5502.62    1.81932
75301    5510.23    1.80354
75401    5516.92    1.89258
75501    5524.1    1.85832
75601    5531.24    1.9371
75701    5538.6    1.86073
75801    5546.07    1.83727
75901    5553.54    1.94819
76001    5560.27    1.85427
76101    5567.37    1.76325
76201    5575    1.84893
76301    5582.14    1.89813
76401    5589.07    1.85833
76501    5597.27    1.94909
76601    5604.52    1.90632
76701    5611.09    1.97929
76801    5618.59    1.80054
76901    5625.95    1.95887
77001    5633.38    1.79936
77101    5640.64    1.84839
77201    5647.96    1.94447
77301    5655.28    1.83633
77401    5662.44    1.84994
77501    5669.8    1.80787
77601    5676.6    1.98131
77701    5683.85    1.96699
77801    5691.14    1.79117
77901    5698.58    1.82682
78001    5706.57    1.9154
78101    5714.55    1.98747
78201    5722.16    1.91803
78301    5729.57    1.78345
78401    5736.67    1.82957
78501    5744.3    1.85722
78601    5751.72    1.95028
78701    5759.78    1.76438
78801    5766.98    1.87734
78901    5774.77    2.01197
79001    5782.24    1.7339
79101    5789.09    1.80492
79201    5797.23    1.83356
79301    5804.56    1.80689
79401    5812.34    1.8868
79501    5820.29    1.86608
79601    5828.38    2.01556
79701    5835.53    1.89215
79801    5842.69    2.03453
79901    5849.98    1.91358
80001    5857.72    1.82553
80101    5864.32    1.69754
80201    5871.37    1.88886
80301    5878.76    1.85775
80401    5886.53    1.89709
80501    5893.55    1.92206
80601    5900.96    2.05171
80701    5908.1    1.81311
80801    5915.46    1.913
80901    5922.3    1.88295
81001    5929.8    1.88863
81101    5937.1    1.90329
81201    5944.43    2.00089
81301    5951.89    1.8425
81401    5959.77    1.79524
81501    5968.12    1.78405
81601    5975.83    1.83028
81701    5983.45    1.90108
81801    5990.99    1.76425
81901    5998.71    1.86183
82001    6006.75    1.85156
82101    6014    1.91806
82201    6021.16    1.92051
82301    6028.19    1.92882
82401    6035.71    2.11322
82501    6042.72    2.1173
82601    6051.23    1.83529
82701    6058.74    1.99161
82801    6066.88    1.83977
82901    6074.26    1.81957
83001    6081.66    1.81486
83101    6088.55    1.7779
83201    6095.82    1.87518
83301    6103.38    1.90974
83401    6110.42    1.86718
83501    6117.45    1.86304
83601    6124.86    1.77671
83701    6132.5    1.87874
83801    6140.33    2.02651
83901    6148.34    1.85194
84001    6155.9    1.86941
84101    6164.07    1.94312
84201    6171.03    1.87059
84301    6179.1    1.82026
84401    6186.82    1.78652
84501    6194.56    1.85426
84601    6201.46    1.6916
84701    6208.21    1.7499
84801    6215.36    1.92215
84901    6222.7    1.89814
85001    6229.08    1.78503
85101    6236.76    1.76409
85201    6244.31    1.9122
85301    6252.72    1.85682
85401    6260.22    1.83068
85501    6267.56    1.80834
85601    6274.54    1.87701
85701    6282.37    1.77245
85801    6289.61    1.83823
85901    6297.14    1.78894
86001    6304.19    1.86864
86101    6312.44    1.75985
86201    6319.91    1.91976
86301    6327.21    1.89535
86401    6334.6    1.90499
86501    6341.5    2.01343
86601    6349.59    1.88103
86701    6356.63    1.86474
86801    6363.74    1.84155
86901    6370.82    1.73325
87001    6378.29    1.85929
87101    6385.43    1.75678
87201    6392.69    1.74784
87301    6399.89    2.04346
87401    6406.33    1.82099
87501    6413.91    1.75912
87601    6420.89    1.98122
87701    6427.8    1.75698
87801    6435.68    1.80838
87901    6443.58    1.88135
88001    6451.53    2.01498
88101    6459.24    1.87811
88201    6466.46    1.76312
88301    6474.03    1.82536
88401    6481.38    1.82583
88501    6488.09    2.3728
88601    6495.72    1.78539
88701    6503.12    1.71787
88801    6510.26    1.68912
88901    6517.19    1.73363
89001    6524.38    1.7719
89101    6531.26    1.78515
89201    6539.24    1.79179
89301    6546.78    1.86978
89401    6554    1.83986
89501    6561.15    1.82867
89601    6569.07    1.81772
89701    6576.5    1.74623
89801    6583.01    1.73149
89901    6589.95    1.75098
90001    6598.3    1.88592
90101    6606.03    1.903
90201    6613.13    1.96489
90301    6620.85    1.81955
90401    6628.28    1.74229
90501    6634.78    1.83516
90601    6641.77    1.74209
90701    6649.04    1.88103
90801    6656.7    1.81737
90901    6664.51    1.83224
91001    6672.67    1.80238
91101    6680.1    1.81231
91201    6687.15    1.84219
91301    6694.07    1.75538
91401    6701.05    1.80975
91501    6708.43    1.91568
91601    6715.6    1.94569
91701    6723.26    1.84702
91801    6730.24    1.69124
91901    6737.79    2.00659
92001    6746.03    1.87767
92101    6753.67    1.89417
92201    6760.56    1.92829
92301    6767.4    1.8489
92401    6774.87    1.7494
92501    6781.94    1.77964
92601    6789.06    1.82007
92701    6796.94    1.87372
92801    6804.03    1.83364
92901    6811.6    1.75743
93001    6819.23    1.65746
93101    6826.54    1.84501
93201    6833.42    1.9242
93301    6841.68    2.02354
93401    6849.81    1.82918
93501    6857.17    1.72827
93601    6865.35    1.86372
93701    6872.96    1.78536
93801    6880.35    1.75326
93901    6888.29    1.67918
94001    6895    1.8066
94101    6902.79    1.80773
94201    6909.94    1.84573
94301    6917.82    1.85988
94401    6924.99    1.95342
94501    6933.06    1.88074
94601    6940.6    1.89869
94701    6948.2    1.7351
94801    6955.63    1.8493
94901    6961.93    1.8593
95001    6969.57    2.03738
95101    6976.84    1.88625
95201    6985.05    1.8976
95301    6992.31    1.80599
95401    6999.62    1.9834
95501    7007.18    1.74137
95601    7015.45    1.78852
95701    7021.9    1.84889
95801    7029.17    1.88165
95901    7036.78    1.84673
96001    7045.14    1.78509
96101    7052.57    1.71858
96201    7060.2    1.89292
96301    7067.61    1.92577
96401    7074.39    1.81898
96501    7082.25    1.79413
96601    7089.55    1.80865
96701    7097.18    1.75979
96801    7104.42    1.84414
96901    7111.63    1.98041
97001    7119.1    1.78014
97101    7126.25    1.82766
97201    7133.88    1.83291
97301    7141.47    1.95964
97401    7148.72    1.87677
97501    7156.23    1.68336
97601    7163.43    1.84326
97701    7171.33    1.85669
97801    7178.86    1.75103
97901    7186.06    1.78353
98001    7192.82    1.99142
98101    7200.16    2.05045
98201    7207.32    1.85735
98301    7214.65    1.80172
98401    7222.12    1.83761
98501    7230.06    1.91093
98601    7237.21    1.77896
98701    7243.98    1.84586
98801    7251.3    1.75922
98901    7260.69    1.82822
99001    7268.2    1.83969
99101    7275.55    1.78973
99201    7283.05    1.7778
99301    7290.22    1.74264
99401    7297.9    1.89462
99501    7305.02    1.81861
99601    7312.64    1.87511
99701    7320.17    1.90508
99801    7327.15    1.83445
99901    7334.26    2.08244
100001    7341.39    1.80384
100101    7348.2    1.8245
100201    7356.35    1.71789
100301    7364.22    1.79843
100401    7371.7    1.76549
100501    7379.03    1.78462
100601    7386.67    1.79581
100701    7394.24    1.83344
100801    7401.73    1.90644
100901    7408.94    1.89791
101001    7416.23    1.71524
101101    7423.44    1.80583
101201    7430.32    1.79319
101301    7437.39    1.77295
101401    7444.58    1.88912
101501    7451.52    2.06211
101601    7458.91    1.92127
101701    7466.29    1.79571
101801    7474.28    1.7891
101901    7481.15    1.78061
102001    7488.8    1.83403
102101    7496.15    1.78003
102201    7503.91    1.77463
102301    7511.1    1.91862
102401    7518.82    1.86403
102501    7525.61    1.74572
102601    7533.03    1.81028
102701    7540.39    1.77493
102801    7547.87    1.81659
102901    7555.43    1.8695
103001    7562.17    1.83705
103101    7569.06    1.74008
103201    7576.11    1.89711
103301    7583.44    1.88135
103401    7590.44    1.97738
103501    7597.64    1.82262
103601    7604.43    1.92941
103701    7611.5    2.01261
103801    7618.47    2.06386
103901    7626.2    1.82179
104001    7633.07    1.87365
104101    7641.22    1.78386
104201    7648.95    1.81679
104301    7656.97    1.8447
104401    7664.03    1.85748
104501    7671.25    1.8033
104601    7678.69    1.87516
104701    7686.05    1.97624
104801    7693.35    2.09915
104901    7701.43    1.89606
105001    7708.72    1.85567
105101    7716.23    1.87778
105201    7723.4    1.77532
105301    7730.34    2.05607
105401    7737.39    1.6673
105501    7744.74    1.77012
105601    7751.92    1.78217
105701    7759.1    1.73745
105801    7766.36    1.77952
105901    7774.2    1.88581
106001    7781.5    1.77482
106101    7788.89    1.80745
106201    7795.82    1.72477
106301    7803.19    1.74492
106401    7810.63    1.70338
106501    7817.67    1.76745
106601    7824.71    1.72355
106701    7832.43    1.82176
106801    7840.2    1.85972
106901    7847.46    1.82802
107001    7854.76    1.7774
107101    7861.9    1.82362
107201    7869.5    1.85691
107301    7876.89    1.78747
107401    7884.3    1.77493
107501    7891.91    1.7721
107601    7899.05    1.79574
107701    7906.8    1.81514
107801    7914.2    1.78865
107901    7922.06    1.85066
108001    7928.97    1.82809
108101    7936.92    1.72501
108201    7944.71    1.8298
108301    7951.73    1.85691
108401    7958.72    1.84933
108501    7964.63    1.83324
108601    7971.7    1.99681
108701    7979.77    1.87117
108801    7987.63    1.74634
108901    7995.02    1.7725
109001    8002.63    1.77482
109101    8010.83    1.77127
109201    8017.72    1.75461
109301    8024.8    1.69084
109401    8031.96    1.89191
109501    8039.55    1.93339
109601    8047.53    1.82444
109701    8055.27    1.73687
109801    8062.34    1.93023
109901    8069.37    1.80891
110001    8076    1.79165
110101    8083.19    1.90447
110201    8090.58    1.83483
110301    8097.9    1.80148
110401    8106.07    1.85822
110501    8113.59    1.77299
110601    8121.01    1.80612
110701    8127.82    1.77463
110801    8135.11    1.77213
110901    8142.27    1.75661
111001    8149.15    1.72326
111101    8156.54    1.79147
111201    8163.39    1.79485
111301    8170.53    1.70612
111401    8177.17    1.74463
111501    8184.83    1.84515
111601    8192.34    1.72431
111701    8199.27    1.80806
111801    8207.29    1.84249
111901    8215.31    1.80275
112001    8223.18    1.95037
112101    8230.85    1.79118
112201    8237.4    1.93729
112301    8245.32    1.88372
112401    8252.4    1.81165
112501    8260.05    1.73572
112601    8267.39    1.77993
112701    8274.21    1.86625
112801    8281.54    1.88318
112901    8288.26    1.87925
113001    8295.69    1.86954
113101    8302.77    1.68027
113201    8309.77    1.77763
113301    8316.94    2.11999
113401    8323.96    1.74587
113501    8331.78    1.79914
113601    8339.4    1.78591
113701    8346.53    1.7368
113801    8354.56    1.75723
113901    8361.75    1.75832
114001    8368.78    1.80086
114101    8375.93    1.74678
114201    8383.07    1.76966
114301    8390.18    1.88002
114401    8397.36    2.00325
114501    8404.68    1.79796
114601    8412.06    1.7419
114701    8419.98    1.75906
114801    8427.7    1.7663
114901    8434.98    1.84881
115001    8442.42    1.92243
115101    8449.43    1.8439
115201    8457.08    1.74755
115301    8465.14    1.78017
115401    8472.54    1.73666
115501    8479.49    1.78073
115601    8487.49    1.84297
115701    8495.47    1.70853
115801    8502.65    1.8084
115901    8510.31    1.89235
116001    8517.8    1.7787
116101    8525.46    1.82652
116201    8532.78    1.73295
116301    8540.44    1.88672
116401    8546.84    1.76244
116501    8554.23    1.6498
116601    8561.22    1.83727
116701    8569.27    1.71224
116801    8576.7    1.77741
116901    8583.61    1.72082
117001    8590.94    1.79233
117101    8598.48    1.73859
117201    8606.1    1.78208
117301    8613.48    1.81647
117401    8621.17    1.85257
117501    8628.57    1.68459
117601    8636.11    1.76384
117701    8643.01    1.87162
117801    8650.88    1.81448
117901    8658.1    1.91493
118001    8665.33    1.80601
118101    8672.43    1.84127
118201    8680.28    1.8106
118301    8688.03    1.8473
118401    8695.39    1.90358
118501    8702.48    1.91346
118601    8710.05    1.74188
118701    8717.76    1.68735
118801    8725.66    1.72327
118901    8732.29    1.81681
119001    8739.76    1.7697
119101    8747.3    1.77961
119201    8755.35    1.7358
119301    8762.47    1.72874
119401    8769.87    1.79554
119501    8777.29    1.76301
119601    8784.44    1.80633
119701    8791.85    1.83697
119801    8799.33    1.94722
119901    8807.57    1.71597
120001    8814.66    1.78301
120101    8822.05    1.77601
120201    8828.75    1.85289
120301    8835.62    1.77648
120401    8843.56    1.77728
120501    8851.02    1.81465
120601    8859.2    1.68193
120701    8867.04    1.76553
120801    8874.18    1.79052
120901    8881.5    1.88231
121001    8888.75    1.70662
121101    8895.98    1.79852
121201    8903.28    1.7214
121301    8910.19    1.7394
121401    8917.88    1.76308
121501    8925.54    1.82655
121601    8933.45    1.73678
121701    8940.63    1.81812
121801    8947.78    1.96211
121901    8955.35    1.88655
122001    8962.42    1.83281
122101    8970.09    1.72009
122201    8978.04    1.75569
122301    8985.46    1.71394
122401    8992.53    1.76354
122501    8999.62    1.88979
122601    9007.33    1.71388
122701    9014.57    1.80686
122801    9021.62    2.02932
122901    9029.46    1.78348
123001    9036.93    1.75971
123101    9044.66    1.89995
123201    9052.27    2.05659
123301    9059.37    1.83532
123401    9066    1.67816
123501    9073.99    1.72259
123601    9081.03    1.85279
123701    9087.94    1.82417
123801    9094.85    1.81375
123901    9101.06    1.79376
124001    9107.48    1.88645
124101    9114.03    1.83393
124201    9121.17    1.71973
124301    9129.21    1.69983
124401    9136.87    1.72012
124501    9144.12    1.74103
124601    9151.86    1.73472
124701    9159.17    1.75434
124801    9166    1.71141
124901    9173.29    1.64487
125001    9181.33    1.75083
125101    9189.23    1.76449
125201    9197.04    1.74178
125301    9203.54    1.67318
125401    9210.61    1.80165
125501    9218.2    1.9067
125601    9225.9    1.83595
125701    9232.79    1.83678
125801    9239.91    1.73693
125901    9247.03    1.68413
126001    9254.44    1.78333
126101    9261.26    1.69216
126201    9268.58    1.70637
126301    9276.05    1.71126
126401    9282.86    1.86948
126501    9290.28    1.68124
126601    9296.68    1.64586
126701    9303.65    1.77389
126801    9311.49    1.72651
126901    9318.69    1.80571
127001    9326.49    1.75356
127101    9333.97    1.83678
127201    9340.38    1.76014
127301    9347.46    1.75262
127401    9354.34    1.72087
127501    9361.11    1.76892
127601    9368.5    1.93017
127701    9375.22    1.88216
127801    9382.54    1.67297
127901    9390.04    1.7556
128001    9397.45    1.79109
128101    9404.63    1.70924
128201    9411.26    1.75023
128301    9418.15    1.7917
128401    9424.8    2.0061
128501    9433.04    1.70416
128601    9440.91    1.83097
128701    9447.75    1.76186
128801    9455.12    1.79154
128901    9463.01    1.74162
129001    9470.49    1.7799
129101    9477.71    1.70501
129201    9484.73    1.7556
129301    9492.62    1.76259
129401    9499.97    1.81405
129501    9507.73    1.77526
129601    9515.16    1.81173
129701    9522.87    1.79743
129801    9530.06    1.71666
129901    9537.1    1.7939
130001    9544.06    1.74616
130101    9551.24    1.77348
130201    9557.84    1.7516
130301    9565.34    1.90695
130401    9572.58    1.97916
130501    9578.88    2.01427
130601    9586.29    1.69986
130701    9593.64    1.75493
130801    9600.8    1.72489
130901    9607.98    1.75178
131001    9615.67    1.85758
131101    9623.17    1.85371
131201    9630.48    1.88144
131301    9637.88    1.77066
131401    9645.39    1.7278
131501    9652.29    1.87292
131601    9659.3    1.69698
131701    9667.98    1.79322
131801    9675.99    1.78785
131901    9683.47    1.79094
132001    9691.05    1.86672
132101    9697.82    1.70949
132201    9705.41    1.86497
132301    9712.87    1.89485
132401    9720.7    1.77654
132501    9727.84    1.8604
132601    9734.73    1.99659
132701    9742.23    1.83302
132801    9750.23    1.74022
132901    9757.34    1.89142
133001    9765.21    1.7574
133101    9772.31    1.77781
133201    9779.11    1.64893
133301    9786.58    1.81114
133401    9794    1.70575
133501    9801.59    1.72379
133601    9810.22    1.8337
133701    9817.48    1.98161
133801    9825.81    1.73124
133901    9832.68    1.84327
134001    9839.95    1.7448
134101    9847.5    1.70642
134201    9854.32    1.89186
134301    9861.71    2.08016
134401    9868.57    1.71557
134501    9876.05    1.68649
134601    9883.33    1.73836
134701    9890.48    1.68532
134801    9897.59    1.74574
134901    9904.96    1.70358
135001    9912.56    1.72024
135101    9919.44    1.74816
135201    9926.79    1.74226
135301    9933.95    1.73539
135401    9941.47    1.71654
135501    9948.6    1.70291
135601    9955.99    1.70589
135701    9963.1    1.73572
135801    9970.58    1.77811
135901    9977.8    1.78938
136001    9985.54    1.74374
136101    9992.75    1.75518
136201    10000.5    1.76116
136301    10008    1.66579
136401    10014.9    1.8106
136501    10022.4    1.88366
136601    10029.5    1.76957
136701    10036.2    1.8515
136801    10043.1    1.9345
136901    10050.2    1.79863
137001    10056.8    1.80297
137101    10063.5    1.7991
137201    10072    1.77947
137301    10079.9    1.82094
137401    10087.3    1.74783
137501    10094.5    1.94096
137601    10101.9    1.6978
137701    10108.7    1.70759
137801    10115.9    1.71431
137901    10123.7    1.78473
138001    10131.3    1.84368
138101    10138.7    1.85016
138201    10146    1.75802
138301    10153.5    1.77118
138401    10161    1.76126
138501    10169.2    1.79596
138601    10176.7    1.78032
138701    10184.3    1.7649
138801    10191.4    1.76682
138901    10199.2    1.86325
139001    10208.2    1.71974
139101    10215.2    1.78001
139201    10222.8    1.76793
139301    10230.2    1.81064
139401    10237.7    1.84907
139501    10244.6    1.79189
139601    10252.2    1.80389
139701    10259.7    1.76523
139801    10267    1.79557
139901    10274    1.90031
140001    10280.7    1.88796
140101    10287.3    1.8074
140201    10294.9    1.82347
140301    10301.8    1.83736
140401    10309.6    1.75618
140501    10316.8    1.7219
140601    10323.9    1.7504
140701    10330.9    1.76427
140801    10337.8    1.87121
140901    10345    1.83128
141001    10352.8    1.71797
141101    10359.6    1.75229
141201    10367    1.72236
141301    10374.4    1.69033
141401    10381.7    1.93539
141501    10388.7    1.74408
141601    10395.8    1.71199
141701    10403.2    1.69999
141801    10410.6    1.68914
141901    10417.8    1.78239
142001    10425.6    1.81959
142101    10433    1.68703
142201    10439.4    1.6869
142301    10447.4    1.85843
142401    10455.1    1.84391
142501    10462.1    1.93685
142601    10469.3    1.72696
142701    10476.4    1.8805
142801    10483.8    1.87841
142901    10491.5    1.89184
143001    10499.1    1.86756
143101    10505.7    1.89307
143201    10513.4    1.8802
143301    10520    1.75516
143401    10526.4    1.74855
143501    10533.7    1.76861
143601    10540.7    1.73138
143701    10548    1.76374
143801    10555.2    1.76347
143901    10561.9    1.91118
144001    10569.4    1.84831
144101    10576.4    1.86597
144201    10583.9    1.80512
144301    10591.9    1.76447
144401    10599.5    1.71862
144501    10606.6    1.82406
144601    10614.2    1.83028
144701    10621.8    1.76336
144801    10629.3    1.6941
144901    10636.1    1.66361
145001    10643.2    1.78456
145101    10649.8    1.81746
145201    10658.1    1.84732
145301    10665.5    1.76316
145401    10673    1.78972
145501    10680.2    1.72698
145601    10688.2    1.84773
145701    10695.6    1.69313
145801    10702.5    1.81706
145901    10709.9    1.87174
146001    10717.1    1.79804
146101    10723.7    1.8326
146201    10731.9    1.66344
146301    10740    1.65732
146401    10747.4    1.72146
146501    10754.9    1.74206
146601    10762.7    1.76455
146701    10770    1.75054
146801    10777    1.68861
146901    10784.5    1.76324
147001    10791.1    1.80335
147101    10798.5    1.78715
147201    10805.7    1.87127
147301    10813.2    1.82198
147401    10820.3    1.75082
147501    10828.1    1.72319
147601    10835.2    1.73651
147701    10842.5    1.75575
147801    10850.3    1.75895
147901    10858.5    1.74671
148001    10865.7    1.75219
148101    10872.9    1.75561
148201    10879.9    1.89481
148301    10887.1    1.74976
148401    10894.5    1.8353
148501    10901.9    1.70399
148601    10909.4    1.728
148701    10917.2    1.95175
148801    10925    1.72134
148901    10933.3    1.77082
149001    10940.6    2.08866
149101    10948.5    1.72362
149201    10956.1    1.84138
149301    10963.7    1.79713
149401    10970.9    1.72885
149501    10978.1    1.76472
149601    10985.1    1.71507
149701    10992.3    1.78596
149801    10998.8    1.8021
149901    11006    1.85688
150001    11013.1    1.86968
150101    11020.4    1.80075
150201    11027.5    1.75159
150301    11034.5    1.75818
150401    11041.2    1.89699
150501    11048.8    1.97304
150601    11056.5    1.85062
150701    11063.9    1.81459
150801    11070.7    1.82986
150901    11078.2    1.73206
151001    11085.2    1.81286
151101    11091.8    1.69874
151201    11099.5    1.71658
151301    11106    1.79176
151401    11113.4    1.64234
151501    11120.5    1.73348
151601    11127.9    1.72553
151701    11134.7    1.81688
151801    11141.7    1.82101
151901    11149.1    1.8151
152001    11155.7    1.68977
152101    11162.3    1.78622
152201    11169.6    1.73073
152301    11176.8    1.73923
152401    11184.1    1.81141
152501    11191.4    1.77663
152601    11199    1.85014
152701    11206.4    2.04589
152801    11212.9    1.68205
152901    11220    1.68018
153001    11227.1    1.75356
153101    11234.7    1.68973
153201    11242.1    1.88268
153301    11250.4    1.84919
153401    11257.7    1.82798
153501    11264.9    1.79363
153601    11272.6    1.73791
153701    11279    1.73053
153801    11286.4    1.70045
153901    11293.6    1.86679
154001    11301.5    1.73427
154101    11309    1.73866
154201    11316    1.71331
154301    11323.1    1.7385
154401    11330.8    1.75401
154501    11338    1.77639
154601    11344.9    1.82844
154701    11352.9    1.78656
154801    11359.9    1.86143
154901    11367.5    1.79497
155001    11375.1    1.78255
155101    11382.6    1.75181
155201    11390.5    1.88867
155301    11398.6    1.73595
155401    11405.7    1.85898
155501    11413    1.6542
155601    11420.5    1.90851
155701    11428.4    1.66503
155801    11436.5    1.75534
155901    11443.9    1.84372
156001    11451.1    1.7437
156101    11458.4    1.7508
156201    11465.4    1.7972
156301    11472.5    1.67708
156401    11479.4    1.93711
156501    11486.2    1.79295
156601    11493    1.74018
156701    11499.9    1.75043
156801    11507.1    1.77949
156901    11513.7    1.80627
157001    11520.9    1.74317
157101    11528    1.75775
157201    11535.2    1.85354
157301    11542.2    1.83469
157401    11548.5    1.91676
157501    11555.7    1.87388
157601    11563.4    1.80149
157701    11571.1    1.76161
157801    11578.1    1.65066
157901    11585.5    1.74919
158001    11593    1.76464
158101    11600    1.69404
158201    11607.4    1.78848
158301    11615    1.83691
158401    11622.8    1.76797
158501    11630.4    1.75224
158601    11638.1    1.8027
158701    11645.8    1.7935
158801    11653    1.83533
158901    11660.2    1.81801
159001    11667.6    1.71418
159101    11674.3    1.78226
159201    11681    1.7968
159301    11688    1.86289
159401    11695.6    1.89606
159501    11702.7    1.80147
159601    11709.5    1.87485
159701    11716.3    1.72869
159801    11723.5    1.70675
159901    11730.9    1.66516
160001    11738.5    1.80218
160101    11745.3    1.70863
160201    11752.6    1.72028
160301    11760.3    1.73256
160401    11767.6    1.71575
160501    11774.5    1.79673
160601    11782.3    1.87991
160701    11789.2    1.85774
160801    11796.1    2.02715
160901    11803.4    1.74539
161001    11811    1.69839
161101    11818    1.65804
161201    11824.8    1.68758
161301    11832    1.74412
161401    11838.9    1.83501
161501    11846.6    1.82284
161601    11853.7    1.78702
161701    11861.7    1.75273
161801    11869.5    1.72707
161901    11877.4    1.77476
162001    11884.3    1.76233
162101    11891.5    1.77769
162201    11898.8    1.73023
162301    11906.6    1.76295
162401    11914.2    1.74302
162501    11921.3    1.69266
162601    11928.6    1.75199
162701    11935.9    1.75002
162801    11943.5    1.69968
162901    11950.2    1.72698
163001    11957.4    1.8042
163101    11964.8    1.74592
163201    11971.9    1.68346
163301    11979.4    1.76357
163401    11986.2    1.84553
163501    11993.8    1.70354
163601    12001.6    1.78626
163701    12009.3    1.7613
163801    12016    1.7341
163901    12023.4    1.82589
164001    12030.1    1.87386
164101    12037.3    1.85511
164201    12044.1    1.82567
164301    12051.6    1.87617
164401    12058.9    1.93536
164501    12066.5    1.80878
164601    12073.4    1.69652
164701    12079.9    1.86277
164801    12087.4    1.91559
164901    12095.1    1.72158
165001    12102    1.7868
165101    12109.3    1.75974
165201    12116.6    1.72795
165301    12123.9    1.91922
165401    12131.3    1.79903
165501    12138.6    1.73576
165601    12145.9    1.80647
165701    12152.8    1.75013
165801    12159.7    1.85553
165901    12167    1.74295
166001    12174.5    1.78272
166101    12181.2    1.68604
166201    12187.9    1.76602
166301    12195.2    1.75477
166401    12202.2    1.92198
166501    12210    1.78486
166601    12217.2    1.77463
166701    12225    1.83685
166801    12232.4    1.92426
166901    12239.5    1.99785
167001    12247    1.79064
167101    12254.7    1.73702
167201    12262.3    1.65406
167301    12270    1.77766
167401    12277.3    1.71441
167501    12285.1    1.66527
167601    12292    1.76276
167701    12299.3    1.89028
167801    12306.8    1.75029
167901    12313.5    1.76304
168001    12320.4    1.82854
168101    12327.9    1.68625
168201    12335.1    1.66726
168301    12341.6    1.66753
168401    12349    1.6512
168501    12356.4    1.72341
168601    12363.6    1.88461
168701    12370.5    1.73603
168801    12377.4    1.84855
168901    12384.7    1.71704
169001    12391.7    1.87392
169101    12399.7    1.90401
169201    12407.1    1.81563
169301    12413.9    1.61633
169401    12421.3    1.77328
169501    12428.2    1.70785
169601    12435.5    1.68497
169701    12442.3    1.78173
169801    12449.8    1.64138
169901    12457.8    1.76511
170001    12465.6    1.75605
170101    12473.2    1.71265
170201    12480.7    1.72931
170301    12488.7    1.78355
170401    12496.4    1.75995
170501    12504.7    1.76329
170601    12511.9    1.8077
170701    12519.3    1.82818
170801    12526.5    1.80792
170901    12534    1.73658
171001    12542    1.65601
171101    12549.8    1.74227
171201    12557.7    1.78146
171301    12564.6    1.79904
171401    12571.6    1.78111
171501    12579.1    1.67575
171601    12586.5    1.81227
171701    12593.6    1.69051
171801    12600.9    1.71423
171901    12608.4    1.82569
172001    12615.6    1.71348
172101    12622.6    1.69507
172201    12629.9    1.86034
172301    12637.5    1.79252
172401    12645.1    1.80184
172501    12653    1.77047
172601    12660.7    1.69101
172701    12668    1.71589
172801    12675.4    1.67149
172901    12682.5    1.69418
173001    12690    1.74465
173101    12697.7    1.77619
173201    12704.7    1.77862
173301    12711.9    1.72654
173401    12719.7    1.67223
173501    12727.5    1.70146
173601    12734.7    1.76449
173701    12742.2    1.77094
173801    12750.2    1.74972
173901    12758.1    1.80707
174001    12766.1    1.79788
174101    12772.7    1.86042
174201    12779.8    1.90256
174301    12787.1    1.7436
174401    12794.5    1.75372
174501    12802.3    1.72161
174601    12810.1    1.74533
174701    12817.9    1.82248
174801    12824.3    1.8202
174901    12831.9    1.66776
175001    12838.6    1.69318
175101    12845.8    1.76711
175201    12853    1.89167
175301    12860    1.7683
175401    12867.4    1.84231
175501    12875.4    1.68569
175601    12882.5    1.65323
175701    12889.1    1.6968
175801    12896.5    1.86391
175901    12903.4    1.77118
176001    12910.5    1.79649
176101    12917.2    1.87657
176201    12924.4    1.7612
176301    12931.3    1.85622
176401    12937.9    2.01307
176501    12944.5    1.92182
176601    12951.7    1.64802
176701    12959    1.66861
176801    12966.4    1.6913
176901    12973.6    1.70445
177001    12981.8    1.67889
177101    12988.8    1.7112
177201    12996.2    1.66458
177301    13003.5    1.69756
177401    13010.4    1.70177
177501    13017.5    1.70513
177601    13025.2    1.70708
177701    13032.2    1.65781
177801    13039.7    1.70673
177901    13047.5    1.68199
178001    13054.5    1.705
178101    13062    1.74428
178201    13069.2    1.65669
178301    13076.7    1.72403
178401    13083.7    1.67984
178501    13090.4    1.72637
178601    13097.8    1.73966
178701    13104.5    1.68721
178801    13111.4    1.76998
178901    13118.2    1.72119
179001    13125.1    1.70426
179101    13133.2    1.71544
179201    13140.1    1.85409
179301    13148    1.70497
179401    13154.6    1.77808
179501    13160.9    1.8979
179601    13168.7    1.83356
179701    13176.2    1.78825
179801    13183.5    1.78541
179901    13190.5    1.69071
180001    13198.3    1.77664
180101    13204.8    1.70955
180201    13212.2    1.72167
180301    13219.2    1.75294
180401    13226.4    1.7497
180501    13234.4    1.75909
180601    13241.8    1.79464
180701    13249    1.73606
180801    13256.4    1.76811
180901    13263.4    1.76031
181001    13271    1.66446
181101    13278.1    1.73172
181201    13286.1    1.75091
181301    13293.7    1.76979
181401    13301.1    1.68031
181501    13308.4    1.70805
181601    13315.2    1.75831
181701    13322.1    1.77912
181801    13329.5    1.78005
181901    13337.2    1.84094
182001    13345    1.70474
182101    13352.2    1.68238
182201    13358.8    1.85871
182301    13365.7    1.84045
182401    13373.3    1.65024
182501    13381.5    1.80963
182601    13389.1    1.77764
182701    13396.5    1.84722
182801    13404    1.73566
182901    13411.1    1.68756
183001    13418.7    1.67901
183101    13426.4    1.76824
183201    13433.3    1.80553
183301    13440.7    1.72895
183401    13448.2    1.74033
183501    13456.1    1.80289
183601    13462.9    1.83115
183701    13470    1.86978
183801    13477.1    1.65727
183901    13484.2    1.72538
184001    13491.1    1.71419
184101    13499.4    1.66309
184201    13506.6    1.7183
184301    13514.1    1.67115
184401    13521.2    1.727
184501    13528.1    1.70979
184601    13536.1    1.89566
184701    13543.8    1.71163
184801    13551.3    1.66783
184901    13559    1.69258
185001    13566.9    1.72525
185101    13574.2    1.75885
185201    13581.3    1.7539
185301    13589.2    1.6845
185401    13596.3    1.71221
185501    13603.1    1.67372
185601    13609.9    1.75971
185701    13617    1.70611
185801    13624    1.77726
185901    13630.7    1.83862
186001    13637.2    1.78528
186101    13644.9    1.72045
186201    13652.4    1.73267
186301    13659.1    1.81875
186401    13666.3    1.83378
186501    13674.1    1.71848
186601    13681.8    1.78137
186701    13688.9    1.68144
186801    13696.4    1.80924
186901    13702.8    1.80958
187001    13709.9    1.83946
187101    13717.1    1.77374
187201    13723.9    1.65412
187301    13731.1    1.77757
187401    13739    1.81049
187501    13746.3    1.68427
187601    13754.7    1.69344
187701    13762.6    1.75403
187801    13770    1.70847
187901    13777.5    1.80148
188001    13785    1.77642
188101    13792.3    1.6787
188201    13799.8    1.70762
188301    13806.4    1.78073
188401    13814    1.80053
188501    13821.5    1.8441
188601    13828.7    1.71951
188701    13835.6    1.87583
188801    13843.2    1.82035
188901    13850.2    1.78814
189001    13857.4    1.72913
189101    13864.9    1.66309
189201    13871.7    1.80889
189301    13878.6    1.81064
189401    13885.9    1.6816
189501    13893    1.73428
189601    13899.9    1.60999
189701    13907.3    1.73219
189801    13915    1.6884
189901    13922.2    1.6482
190001    13928.8    1.68851
190101    13935.9    1.76044
190201    13942.5    1.77025
190301    13949.6    1.87207
190401    13957    1.73009
190501    13964    1.70042
190601    13970.7    1.76551
190701    13978.4    1.75893
190801    13985.6    1.72221
190901    13992.7    1.93123
191001    14000.4    1.70352
191101    14008.3    1.82626
191201    14015.7    1.71521
191301    14023.2    1.74797
191401    14030    1.78753
191501    14036.8    1.77874
191601    14044.5    1.70874
191701    14052.1    1.80893
191801    14059.4    1.84814
191901    14066.6    1.7662
192001    14074.2    1.7925
192101    14082.2    1.73663
192201    14090.1    1.6797
192301    14097.3    1.73568
192401    14105.5    1.73257
192501    14112.5    1.79164
192601    14119.5    1.77466
192701    14127    1.80142
192801    14134    1.82448
192901    14140.9    1.80282
193001    14148.5    1.66399
193101    14155.5    1.78922
193201    14163.3    1.66451
193301    14170.5    1.71347
193401    14178.1    1.75678
193501    14185.4    1.90182
193601    14193.1    1.74856
193701    14200.2    1.94862
193801    14207.4    1.69465
193901    14214.9    1.71601
194001    14222    1.73196
194101    14228.7    1.70288
194201    14236    1.81326
194301    14243.3    1.72908
194401    14250.7    1.75558
194501    14257.5    1.75669
194601    14264.5    1.7854
194701    14271.6    1.6565
194801    14278.7    1.70389
194901    14285.6    1.62676
195001    14292.8    1.75543
195101    14300.8    1.88901
195201    14308.1    1.73957
195301    14315.3    1.80224
195401    14321.9    1.8628
195501    14329.4    1.78729
195601    14336.1    1.75336
195701    14343.6    1.77491
195801    14350.8    1.82967
195901    14358.4    1.72124
196001    14365.5    1.71733
196101    14372.5    1.72166
196201    14380.4    1.67802
196301    14387.4    1.82987
196401    14394.7    1.93055
196501    14402.1    1.98785
196601    14409    1.79789
196701    14416    1.79457
196801    14422.9    1.79351
196901    14430.2    1.86486
197001    14437.4    1.72405
197101    14444.4    1.66148
197201    14451.5    1.60136
197301    14458.6    1.70727
197401    14465.9    1.71508
197501    14473.7    1.70048
197601    14480.8    1.83459
197701    14488    1.84035
197801    14495.4    2.20886
197901    14502.7    1.81437
198001    14511    1.81178
