1    0.00416    1.82026
101    0.219136    1.78817
201    0.45248    1.8513
301    0.688896    1.77988
401    0.90688    1.73986
501    1.13696    1.71042
601    1.3767    1.74516
701    1.61261    1.73411
801    1.85466    1.73436
901    2.11456    1.69661
1001    2.37254    1.66931
1101    2.6441    1.64941
1201    2.89958    1.62801
1301    3.11053    1.6227
1401    3.29248    1.61526
1501    3.54682    1.60893
1601    3.73325    1.5908
1701    3.96262    1.5777
1801    4.18374    1.57361
1901    4.43763    1.57664
2001    4.6496    1.57285
2101    4.85702    1.56753
2201    5.10042    1.55214
2301    5.37882    1.5414
2401    5.61504    1.54038
2501    5.83283    1.54135
2601    6.096    1.53065
2701    6.32307    1.52657
2801    6.56602    1.52369
2901    6.86419    1.52747
3001    7.0967    1.52265
3101    7.32269    1.51808
3201    7.56634    1.5168
3301    7.81818    1.51275
3401    8.07283    1.51024
3501    8.26502    1.50211
3601    8.52525    1.49672
3701    8.78131    1.49634
3801    9.02765    1.4873
3901    9.20333    1.48309
4001    9.41363    1.47618
4101    9.6615    1.47941
4201    9.86714    1.48045
4301    10.1056    1.47933
4401    10.3414    1.47672
4501    10.5046    1.47523
4601    10.7078    1.47279
4701    10.922    1.47452
4801    11.1366    1.46992
4901    11.2997    1.46877
5001    11.5525    1.46367
5101    11.7377    1.46099
5201    11.9709    1.45808
5301    12.1933    1.45729
5401    12.3709    1.45772
5501    12.6212    1.45192
5601    12.8212    1.45504
5701    13.0602    1.45729
5801    13.282    1.45443
5901    13.546    1.45233
6001    13.8004    1.44828
6101    13.9992    1.44883
6201    14.1603    1.44663
6301    14.3907    1.44943
6401    14.6386    1.44547
6501    14.8564    1.44476
6601    15.1104    1.44252
6701    15.3219    1.44078
6801    15.5117    1.43717
6901    15.7574    1.43524
7001    15.9887    1.4341
7101    16.1722    1.43093
7201    16.4026    1.43086
7301    16.62    1.42879
7401    16.8405    1.42684
7501    17.0372    1.4267
7601    17.2747    1.42581
7701    17.4902    1.425
7801    17.7384    1.42367
7901    17.9984    1.42431
8001    18.2412    1.42508
8101    18.4501    1.42483
8201    18.6892    1.42324
8301    18.9197    1.42302
8401    19.1768    1.42315
8501    19.4109    1.42574
8601    19.6392    1.425
8701    19.803    1.42578
8801    20.052    1.42429
8901    20.3252    1.42469
9001    20.5659    1.42467
9101    20.833    1.4229
9201    21.0952    1.42523
9301    21.3253    1.4248
9401    21.5651    1.42707
9501    21.8163    1.42684
9601    22.0598    1.4241
9701    22.3274    1.42243
9801    22.5563    1.42069
9901    22.7244    1.41984
10001    22.9596    1.41884
10101    23.2054    1.4183
10201    23.4703    1.42006
10301    23.7228    1.42169
10401    23.978    1.41949
10501    24.1638    1.41781
10601    24.3521    1.41546
10701    24.5546    1.4138
10801    24.7499    1.41268
10901    24.9483    1.41054
11001    25.1866    1.40849
11101    25.4259    1.40802
11201    25.5988    1.40891
11301    25.776    1.40801
11401    25.9496    1.40839
11501    26.1565    1.4069
11601    26.3501    1.40551
11701    26.5685    1.40473
11801    26.8161    1.40584
11901    26.9855    1.40709
12001    27.1841    1.40427
12101    27.4515    1.40335
12201    27.6226    1.40236
12301    27.809    1.40082
12401    27.9837    1.40093
12501    28.1822    1.40199
12601    28.3867    1.40079
12701    28.5432    1.40119
12801    28.742    1.40194
12901    28.9433    1.40327
13001    29.1965    1.4038
13101    29.4391    1.40358
13201    29.6748    1.40436
13301    29.8634    1.40468
13401    30.0845    1.40541
13501    30.3077    1.405
13601    30.5598    1.4048
13701    30.8057    1.40632
13801    31.0054    1.4062
13901    31.1871    1.40574
14001    31.3928    1.40606
14101    31.6194    1.40705
14201    31.8619    1.40953
14301    32.0918    1.40823
14401    32.3306    1.40842
14501    32.5801    1.40846
14601    32.8192    1.4089
14701    33.0758    1.41039
14801    33.2534    1.41054
14901    33.4804    1.41046
15001    33.6838    1.40942
15101    33.914    1.40768
15201    34.1278    1.40687
15301    34.3446    1.40647
15401    34.5948    1.40593
15501    34.789    1.40755
15601    35.05    1.40712
15701    35.2348    1.40651
15801    35.4627    1.408
15901    35.655    1.40736
16001    35.8391    1.40773
16101    36.0149    1.4081
16201    36.2266    1.40767
16301    36.471    1.40875
16401    36.6741    1.40782
16501    36.8614    1.40807
16601    37.0407    1.4079
16701    37.2742    1.40741
16801    37.5151    1.40729
16901    37.7346    1.40857
17001    37.8911    1.40933
17101    38.0785    1.409
17201    38.3654    1.40844
17301    38.5787    1.40805
17401    38.8292    1.40617
17501    39.039    1.40597
17601    39.2392    1.40515
17701    39.464    1.4065
17801    39.7279    1.40603
17901    39.9725    1.40687
18001    40.2128    1.4065
18101    40.4306    1.40714
18201    40.6277    1.40773
18301    40.8952    1.40867
18401    41.1235    1.40914
18501    41.2948    1.40911
18601    41.5123    1.4089
18701    41.7654    1.40848
18801    42.0417    1.40817
18901    42.2929    1.40725
19001    42.5152    1.40686
19101    42.7471    1.40702
19201    42.9218    1.40669
19301    43.1496    1.40608
19401    43.4019    1.40523
19501    43.5704    1.40521
19601    43.8486    1.40515
19701    44.0649    1.40528
19801    44.2668    1.40587
19901    44.4619    1.40632
20001    44.6348    1.40644
20101    44.8076    1.40687
20201    45.0493    1.40662
20301    45.274    1.40716
20401    45.5142    1.4079
20501    45.7252    1.40792
20601    45.9455    1.40787
20701    46.1736    1.4078
20801    46.343    1.40694
20901    46.5427    1.40658
21001    46.7574    1.40666
21101    46.9876    1.40641
21201    47.2473    1.40661
21301    47.4834    1.40631
21401    47.6763    1.40539
21501    47.9031    1.40508
21601    48.1412    1.40454
21701    48.3825    1.40434
21801    48.6038    1.40428
21901    48.8664    1.40432
22001    49.1228    1.4045
22101    49.3808    1.40465
22201    49.6347    1.40493
22301    49.8533    1.40428
22401    50.0892    1.4037
22501    50.3239    1.40319
22601    50.5142    1.40226
22701    50.706    1.40132
22801    50.9468    1.40152
22901    51.1427    1.40148
23001    51.375    1.40156
23101    51.6296    1.40139
23201    51.8331    1.40126
23301    52.0325    1.40007
23401    52.1919    1.40126
23501    52.3869    1.4005
23601    52.5628    1.39966
23701    52.7229    1.39864
23801    52.8915    1.39826
23901    53.1537    1.39796
24001    53.417    1.39735
24101    53.6378    1.39693
24201    53.7942    1.39697
24301    54.0449    1.39675
24401    54.281    1.39662
24501    54.463    1.39636
24601    54.6436    1.39577
24701    54.8622    1.39606
24801    55.0198    1.3956
24901    55.2385    1.39504
25001    55.4302    1.39448
25101    55.6319    1.39438
25201    55.8236    1.39503
25301    56.0318    1.39501
25401    56.2403    1.39457
25501    56.4734    1.39424
25601    56.7157    1.39525
25701    56.9496    1.39592
25801    57.18    1.39546
25901    57.4428    1.39635
26001    57.6694    1.39663
26101    57.8566    1.39625
26201    58.0588    1.39519
26301    58.2988    1.39525
26401    58.5289    1.39634
26501    58.7481    1.39615
26601    58.9328    1.39605
26701    59.1034    1.39565
26801    59.284    1.39549
26901    59.4682    1.39572
27001    59.71    1.39614
27101    59.8749    1.39621
27201    60.0788    1.3963
27301    60.2674    1.39668
27401    60.4612    1.39668
27501    60.6811    1.3966
27601    60.8572    1.39642
27701    61.0533    1.39656
27801    61.2252    1.39673
27901    61.3967    1.39667
28001    61.6312    1.39728
28101    61.8373    1.39735
28201    62.0527    1.39746
28301    62.3428    1.39704
28401    62.6166    1.39764
28501    62.8361    1.39762
28601    63.0068    1.39785
28701    63.2745    1.39741
28801    63.5241    1.39734
28901    63.7362    1.39735
29001    63.9774    1.39701
29101    64.1356    1.39706
29201    64.3361    1.39723
29301    64.5727    1.3974
29401    64.8097    1.39731
29501    65.0083    1.39749
29601    65.174    1.39754
29701    65.3434    1.39777
29801    65.5062    1.39791
29901    65.6481    1.39824
30001    65.8746    1.39856
30101    66.082    1.39888
30201    66.2489    1.39899
30301    66.5132    1.39886
30401    66.682    1.39923
30501    66.8994    1.39935
30601    67.0895    1.399
30701    67.3096    1.39897
30801    67.5452    1.39892
30901    67.758    1.399
31001    67.9583    1.39856
31101    68.1233    1.39896
31201    68.3402    1.39874
31301    68.5525    1.3985
31401    68.7838    1.39819
31501    68.9712    1.39779
31601    69.1633    1.39763
31701    69.3954    1.3977
31801    69.5964    1.39725
31901    69.7749    1.39723
32001    70.0048    1.39688
32101    70.2291    1.39683
32201    70.4506    1.39726
32301    70.7309    1.3972
32401    70.9766    1.39718
32501    71.1591    1.39735
32601    71.322    1.39736
32701    71.5183    1.39678
32801    71.7548    1.39648
32901    71.9701    1.39673
33001    72.1538    1.39695
33101    72.3754    1.39651
33201    72.6315    1.39638
33301    72.8518    1.39615
33401    73.0838    1.39563
33501    73.2893    1.39582
33601    73.5235    1.39586
33701    73.7624    1.39622
33801    73.9933    1.39628
33901    74.1588    1.39598
34001    74.3528    1.39643
34101    74.5978    1.39707
34201    74.825    1.39663
34301    75.0293    1.39647
34401    75.2095    1.39682
34501    75.3987    1.39661
34601    75.5905    1.39655
34701    75.8198    1.39632
34801    76.0324    1.39659
34901    76.2376    1.39718
35001    76.4116    1.39705
35101    76.5875    1.39635
35201    76.8634    1.39616
35301    77.1181    1.39658
35401    77.3252    1.3966
35501    77.526    1.3965
35601    77.7708    1.39614
35701    77.9905    1.39559
35801    78.2291    1.39562
35901    78.4121    1.39553
36001    78.5862    1.39526
36101    78.7848    1.39552
36201    78.9525    1.3957
36301    79.14    1.39538
36401    79.3174    1.3954
36501    79.5357    1.39582
36601    79.7427    1.39603
36701    79.9023    1.39619
36801    80.1136    1.39629
36901    80.3467    1.39631
37001    80.5315    1.39651
37101    80.706    1.39636
37201    80.9803    1.39628
37301    81.1951    1.39687
37401    81.421    1.3966
37501    81.662    1.39681
37601    81.8363    1.397
37701    81.9961    1.39704
37801    82.1736    1.39736
37901    82.4117    1.39741
38001    82.6088    1.39743
38101    82.8103    1.39703
38201    83.0242    1.39752
38301    83.1861    1.39723
38401    83.3818    1.39695
38501    83.5952    1.3971
38601    83.7784    1.39701
38701    83.9581    1.39681
38801    84.1282    1.39712
38901    84.3009    1.39683
39001    84.4926    1.3965
39101    84.7111    1.39629
39201    84.9014    1.39606
39301    85.1398    1.39578
39401    85.4042    1.39556
39501    85.5811    1.3954
39601    85.8206    1.39513
39701    86.0263    1.39459
39801    86.2223    1.39415
39901    86.4467    1.39409
40001    86.6582    1.39346
40101    86.8588    1.39285
40201    87.0837    1.39333
40301    87.3144    1.39303
40401    87.5402    1.39319
40501    87.7525    1.39348
40601    87.972    1.39283
40701    88.225    1.39273
40801    88.4651    1.39269
40901    88.7332    1.39305
41001    88.9809    1.39373
41101    89.274    1.39355
41201    89.5115    1.39306
41301    89.6961    1.39289
41401    89.9553    1.39257
41501    90.2129    1.3924
41601    90.4753    1.39269
41701    90.7394    1.39316
41801    90.9914    1.39364
41901    91.2645    1.39364
42001    91.5128    1.39344
42101    91.7286    1.39356
42201    91.9745    1.39381
42301    92.2256    1.394
42401    92.4292    1.3937
42501    92.6349    1.39352
42601    92.8143    1.3939
42701    92.9782    1.39384
42801    93.1359    1.39397
42901    93.3387    1.39408
43001    93.5916    1.39414
43101    93.8312    1.39411
43201    94.044    1.39374
43301    94.2325    1.39382
43401    94.4858    1.3937
43501    94.7066    1.3936
43601    94.8798    1.39328
43701    95.1144    1.3934
43801    95.3124    1.39313
43901    95.4631    1.39317
44001    95.6913    1.39308
44101    95.9185    1.39285
44201    96.1491    1.39247
44301    96.3528    1.39224
44401    96.6084    1.39223
44501    96.8755    1.39228
44601    97.1165    1.39285
44701    97.3703    1.39335
44801    97.6303    1.39328
44901    97.8472    1.39305
45001    98.0382    1.39298
45101    98.2186    1.39291
45201    98.3878    1.3927
45301    98.578    1.39309
45401    98.7768    1.39294
45501    98.9427    1.39295
45601    99.1514    1.39276
45701    99.3724    1.39294
45801    99.6072    1.39271
45901    99.8307    1.39244
46001    100.085    1.3924
46101    100.347    1.39243
46201    100.581    1.39264
46301    100.844    1.39298
46401    101.087    1.39252
46501    101.346    1.39259
46601    101.6    1.3924
46701    101.879    1.39225
46801    102.05    1.39221
46901    102.236    1.39229
47001    102.406    1.3923
47101    102.663    1.39238
47201    102.895    1.39249
47301    103.05    1.39233
47401    103.213    1.3924
47501    103.402    1.39235
47601    103.591    1.39204
47701    103.834    1.39175
47801    104.006    1.39135
47901    104.192    1.3917
48001    104.38    1.39179
48101    104.617    1.39158
48201    104.87    1.39184
48301    105.099    1.39176
48401    105.362    1.39221
48501    105.589    1.39212
48601    105.831    1.39172
48701    106.055    1.3917
48801    106.236    1.39151
48901    106.443    1.39116
49001    106.668    1.39113
49101    106.884    1.39114
49201    107.126    1.39148
49301    107.361    1.39129
49401    107.617    1.39158
49501    107.833    1.39178
49601    108.009    1.39176
49701    108.232    1.39191
49801    108.483    1.39182
49901    108.7    1.39213
50001    108.926    1.39177
50101    109.15    1.39145
50201    109.378    1.39119
50301    109.54    1.39073
50401    109.711    1.39029
50501    109.876    1.39021
50601    110.096    1.39031
50701    110.341    1.38992
50801    110.512    1.38994
50901    110.776    1.38971
51001    110.968    1.38998
51101    111.162    1.38989
51201    111.359    1.39034
51301    111.61    1.39017
51401    111.893    1.39037
51501    112.156    1.38995
51601    112.373    1.38946
51701    112.645    1.38945
51801    112.831    1.38924
51901    113.056    1.38918
52001    113.255    1.38909
52101    113.456    1.38928
52201    113.712    1.38952
52301    113.937    1.38955
52401    114.123    1.38936
52501    114.351    1.38975
52601    114.575    1.38983
52701    114.796    1.38975
52801    115.051    1.39017
52901    115.219    1.39009
53001    115.407    1.39006
53101    115.6    1.38964
53201    115.798    1.38938
53301    115.999    1.38888
53401    116.239    1.38894
53501    116.467    1.3891
53601    116.703    1.38911
53701    116.939    1.38927
53801    117.099    1.38939
53901    117.311    1.38948
54001    117.589    1.3893
54101    117.846    1.38951
54201    118.12    1.38925
54301    118.318    1.3892
54401    118.546    1.38929
54501    118.767    1.38927
54601    119.024    1.38946
54701    119.3    1.3897
54801    119.508    1.38966
54901    119.73    1.39025
55001    119.983    1.39014
55101    120.236    1.38981
55201    120.488    1.38999
55301    120.699    1.38993
55401    120.924    1.3904
55501    121.133    1.39055
55601    121.386    1.39024
55701    121.633    1.39026
55801    121.863    1.39001
55901    122.071    1.38948
56001    122.254    1.38909
56101    122.516    1.38892
56201    122.76    1.38864
56301    122.987    1.38874
56401    123.206    1.38867
56501    123.456    1.38854
56601    123.679    1.388
56701    123.95    1.38786
56801    124.151    1.3876
56901    124.382    1.38712
57001    124.631    1.38673
57101    124.865    1.38682
57201    125.123    1.3865
57301    125.353    1.38623
57401    125.586    1.38586
57501    125.797    1.38546
57601    126.008    1.38509
57701    126.213    1.38499
57801    126.44    1.38469
57901    126.649    1.38481
58001    126.818    1.38461
58101    127.058    1.38451
58201    127.27    1.38441
58301    127.512    1.38432
58401    127.696    1.38401
58501    127.894    1.38388
58601    128.06    1.3837
58701    128.22    1.38336
58801    128.405    1.38328
58901    128.641    1.38297
59001    128.848    1.38321
59101    129.089    1.38353
59201    129.354    1.38393
59301    129.602    1.38373
59401    129.858    1.38371
59501    130.052    1.38354
59601    130.295    1.38389
59701    130.559    1.38391
59801    130.833    1.38373
59901    131.086    1.38368
60001    131.343    1.38384
60101    131.612    1.38356
60201    131.857    1.38363
60301    132.133    1.3835
60401    132.402    1.38361
60501    132.576    1.38371
60601    132.76    1.38355
60701    132.979    1.38353
60801    133.23    1.38331
60901    133.415    1.38318
61001    133.61    1.38311
61101    133.803    1.38285
61201    133.974    1.38277
61301    134.145    1.3831
61401    134.296    1.38291
61501    134.496    1.38317
61601    134.703    1.3833
61701    134.879    1.38364
61801    135.105    1.3835
61901    135.322    1.38343
62001    135.493    1.38362
62101    135.705    1.38405
62201    135.898    1.38366
62301    136.068    1.38337
62401    136.319    1.38367
62501    136.482    1.38394
62601    136.676    1.38364
62701    136.907    1.38339
62801    137.129    1.3833
62901    137.379    1.3832
63001    137.664    1.3832
63101    137.833    1.3832
63201    138.05    1.3832
63301    138.229    1.3831
63401    138.437    1.38297
63501    138.667    1.38303
63601    138.879    1.38306
63701    139.123    1.38327
63801    139.333    1.38362
63901    139.54    1.38362
64001    139.809    1.38365
64101    140.035    1.38354
64201    140.198    1.3834
64301    140.408    1.38349
64401    140.657    1.38348
64501    140.843    1.38389
64601    141.012    1.38386
64701    141.268    1.38393
64801    141.45    1.38414
64901    141.686    1.38418
65001    141.891    1.38449
65101    142.089    1.38465
65201    142.338    1.38475
65301    142.604    1.38462
65401    142.853    1.38444
65501    143.064    1.38457
65601    143.308    1.38462
65701    143.516    1.38461
65801    143.755    1.38465
65901    143.946    1.38466
66001    144.127    1.38455
66101    144.31    1.38487
66201    144.541    1.38498
66301    144.72    1.38504
66401    144.89    1.38491
66501    145.125    1.3847
66601    145.316    1.3844
66701    145.512    1.38429
66801    145.738    1.38425
66901    145.903    1.38419
67001    146.105    1.38429
67101    146.261    1.38423
67201    146.43    1.38413
67301    146.592    1.38413
67401    146.815    1.38422
67501    147.019    1.38453
67601    147.2    1.38427
67701    147.433    1.38436
67801    147.664    1.38423
67901    147.865    1.38407
68001    148.087    1.38378
68101    148.274    1.3836
68201    148.46    1.38338
68301    148.697    1.38325
68401    148.911    1.38319
68501    149.125    1.38317
68601    149.31    1.38299
68701    149.487    1.38301
68801    149.655    1.3831
68901    149.878    1.38297
69001    150.086    1.38303
69101    150.263    1.38294
69201    150.464    1.38311
69301    150.657    1.3828
69401    150.886    1.38269
69501    151.13    1.38266
69601    151.366    1.38244
69701    151.574    1.38236
69801    151.752    1.38218
69901    151.959    1.38202
70001    152.145    1.38183
70101    152.36    1.38168
70201    152.576    1.38176
70301    152.82    1.3821
70401    153.045    1.38201
70501    153.213    1.38226
70601    153.433    1.38243
70701    153.632    1.3826
70801    153.855    1.38238
70901    154.059    1.38253
71001    154.276    1.38239
71101    154.503    1.38233
71201    154.683    1.38254
71301    154.892    1.38261
71401    155.062    1.38273
71501    155.301    1.38273
71601    155.488    1.38294
71701    155.739    1.38301
71801    155.968    1.3834
71901    156.247    1.38329
72001    156.494    1.38332
72101    156.716    1.38353
72201    156.968    1.38366
72301    157.203    1.38385
72401    157.424    1.38385
72501    157.645    1.38383
72601    157.854    1.3837
72701    158.105    1.38379
72801    158.315    1.38384
72901    158.508    1.38381
73001    158.764    1.38371
73101    158.993    1.38363
73201    159.155    1.38344
73301    159.367    1.38337
73401    159.587    1.3832
73501    159.825    1.38305
73601    160.009    1.38314
73701    160.224    1.38285
73801    160.452    1.38241
73901    160.694    1.38219
74001    160.917    1.38182
74101    161.165    1.38193
74201    161.42    1.38177
74301    161.692    1.38161
74401    161.94    1.38136
74501    162.189    1.3813
74601    162.358    1.38116
74701    162.605    1.38121
74801    162.852    1.38118
74901    163.034    1.38103
75001    163.29    1.38103
75101    163.517    1.38119
75201    163.696    1.38136
75301    163.908    1.38149
75401    164.16    1.38154
75501    164.332    1.38148
75601    164.54    1.38177
75701    164.76    1.38191
75801    165.004    1.38211
75901    165.222    1.38229
76001    165.389    1.38271
76101    165.567    1.38293
76201    165.724    1.38313
76301    165.943    1.38301
76401    166.196    1.38284
76501    166.453    1.38303
76601    166.703    1.38289
76701    166.966    1.38269
76801    167.249    1.38267
76901    167.503    1.38259
77001    167.785    1.3826
77101    167.969    1.38242
77201    168.216    1.38251
77301    168.456    1.38231
77401    168.742    1.38233
77501    168.986    1.38231
77601    169.225    1.38264
77701    169.48    1.38272
77801    169.717    1.38252
77901    169.959    1.38254
78001    170.212    1.38247
78101    170.456    1.38271
78201    170.713    1.38267
78301    170.981    1.38247
78401    171.235    1.38214
78501    171.432    1.38184
78601    171.624    1.38179
78701    171.786    1.38177
78801    172.065    1.38172
78901    172.327    1.38168
79001    172.511    1.38173
79101    172.729    1.38189
79201    172.929    1.38166
79301    173.094    1.38142
79401    173.269    1.38117
79501    173.458    1.38083
79601    173.657    1.38095
79701    173.88    1.38072
79801    174.116    1.38104
79901    174.37    1.38083
80001    174.615    1.38078
80101    174.88    1.38077
80201    175.087    1.38086
80301    175.326    1.38068
80401    175.588    1.38062
80501    175.824    1.38061
80601    176.023    1.38074
80701    176.199    1.38097
80801    176.434    1.38104
80901    176.619    1.38132
81001    176.866    1.38134
81101    177.14    1.38139
81201    177.388    1.38138
81301    177.657    1.38178
81401    177.871    1.38193
81501    178.104    1.38184
81601    178.295    1.38155
81701    178.529    1.3815
81801    178.725    1.38141
81901    178.968    1.3813
82001    179.171    1.38126
82101    179.402    1.38116
82201    179.663    1.38125
82301    179.865    1.38105
82401    180.041    1.38104
82501    180.304    1.38104
82601    180.555    1.38097
82701    180.777    1.38113
82801    181.023    1.38087
82901    181.272    1.38086
83001    181.506    1.38066
83101    181.701    1.38062
83201    181.902    1.3807
83301    182.149    1.38046
83401    182.396    1.38048
83501    182.636    1.38038
83601    182.907    1.38028
83701    183.153    1.38033
83801    183.385    1.38015
83901    183.628    1.38019
84001    183.896    1.38021
84101    184.09    1.38029
84201    184.312    1.38004
84301    184.538    1.37995
84401    184.714    1.37975
84501    184.933    1.37972
84601    185.168    1.37965
84701    185.423    1.37956
84801    185.627    1.37956
84901    185.903    1.37977
85001    186.128    1.37984
85101    186.327    1.37978
85201    186.56    1.37993
85301    186.726    1.38003
85401    186.918    1.38013
85501    187.09    1.38037
85601    187.351    1.3806
85701    187.549    1.3806
85801    187.738    1.38085
85901    187.969    1.38092
86001    188.166    1.38088
86101    188.368    1.38091
86201    188.63    1.38098
86301    188.893    1.38081
86401    189.085    1.38103
86501    189.304    1.38087
86601    189.534    1.38074
86701    189.742    1.38095
86801    189.922    1.38076
86901    190.159    1.38084
87001    190.331    1.38074
87101    190.537    1.38074
87201    190.788    1.38048
87301    191.01    1.38044
87401    191.25    1.38032
87501    191.472    1.38042
87601    191.729    1.38032
87701    191.907    1.38026
87801    192.118    1.38004
87901    192.373    1.38029
88001    192.575    1.38034
88101    192.816    1.38035
88201    193.073    1.38049
88301    193.294    1.38038
88401    193.514    1.38033
88501    193.788    1.38035
88601    193.979    1.38031
88701    194.219    1.38024
88801    194.45    1.38035
88901    194.648    1.38032
89001    194.82    1.38032
89101    195.061    1.38027
89201    195.29    1.38062
89301    195.476    1.38075
89401    195.694    1.38067
89501    195.895    1.38081
89601    196.15    1.3809
89701    196.394    1.38091
89801    196.569    1.38085
89901    196.743    1.38089
90001    196.928    1.38086
90101    197.103    1.38075
90201    197.311    1.38087
90301    197.53    1.38073
90401    197.69    1.38063
90501    197.929    1.38073
90601    198.137    1.38084
90701    198.373    1.38085
90801    198.593    1.38092
90901    198.805    1.38125
91001    198.989    1.38144
91101    199.193    1.38144
91201    199.372    1.38139
91301    199.534    1.38149
91401    199.75    1.38157
91501    199.973    1.38165
91601    200.212    1.38159
91701    200.402    1.38166
91801    200.663    1.38147
91901    200.91    1.38141
92001    201.15    1.38143
92101    201.409    1.38163
92201    201.646    1.38174
92301    201.877    1.38171
92401    202.106    1.38172
92501    202.357    1.38162
92601    202.549    1.38167
92701    202.766    1.38165
92801    202.997    1.38174
92901    203.188    1.38167
93001    203.427    1.38179
93101    203.667    1.38182
93201    203.92    1.38172
93301    204.207    1.38189
93401    204.469    1.38188
93501    204.723    1.38181
93601    204.959    1.38192
93701    205.243    1.38208
93801    205.507    1.38215
93901    205.714    1.38202
94001    205.973    1.38187
94101    206.192    1.38201
94201    206.432    1.38192
94301    206.697    1.3817
94401    206.952    1.3817
94501    207.133    1.38173
94601    207.371    1.38186
94701    207.604    1.38193
94801    207.865    1.38192
94901    208.103    1.38192
95001    208.339    1.38191
95101    208.574    1.38218
95201    208.81    1.38226
95301    209.03    1.38234
95401    209.263    1.38218
95501    209.526    1.38231
95601    209.791    1.38215
95701    210.009    1.38211
95801    210.252    1.38202
95901    210.514    1.3821
96001    210.775    1.38222
96101    211.019    1.38205
96201    211.266    1.38183
96301    211.526    1.38195
96401    211.735    1.38193
96501    211.905    1.38185
96601    212.16    1.382
96701    212.41    1.382
96801    212.654    1.38195
96901    212.9    1.38182
97001    213.129    1.38199
97101    213.349    1.38178
97201    213.621    1.38161
97301    213.892    1.38147
97401    214.144    1.38146
97501    214.438    1.3814
97601    214.683    1.38118
97701    214.952    1.38109
97801    215.199    1.38095
97901    215.402    1.38058
98001    215.646    1.38035
98101    215.873    1.38039
98201    216.131    1.38037
98301    216.357    1.3802
98401    216.581    1.38022
98501    216.855    1.38033
98601    217.091    1.38026
98701    217.368    1.38014
98801    217.605    1.38018
98901    217.851    1.38014
99001    218.119    1.37997
99101    218.368    1.37999
99201    218.598    1.38001
99301    218.786    1.38011
99401    218.967    1.38006
99501    219.115    1.38007
99601    219.381    1.38007
99701    219.569    1.38028
99801    219.845    1.38027
99901    220.091    1.3802
100001    220.266    1.38013
100101    220.511    1.38007
100201    220.675    1.37996
100301    220.861    1.38007
100401    221.099    1.37989
100501    221.326    1.37995
100601    221.536    1.37987
100701    221.769    1.37973
100801    221.936    1.37967
100901    222.176    1.37968
101001    222.363    1.37982
101101    222.57    1.37974
101201    222.751    1.37959
101301    222.933    1.37957
101401    223.087    1.3796
101501    223.295    1.37945
101601    223.522    1.3793
101701    223.697    1.37931
101801    223.915    1.37926
101901    224.148    1.3793
102001    224.383    1.37937
102101    224.635    1.37952
102201    224.867    1.37946
102301    225.131    1.37939
102401    225.38    1.3791
102501    225.627    1.37908
102601    225.859    1.37919
102701    226.094    1.37916
102801    226.355    1.37919
102901    226.588    1.37917
103001    226.821    1.37936
103101    227.074    1.37945
103201    227.308    1.3795
103301    227.557    1.3795
103401    227.862    1.37941
103501    228.11    1.37944
103601    228.363    1.37942
103701    228.593    1.37925
103801    228.812    1.37933
103901    229.019    1.37941
104001    229.201    1.37929
104101    229.398    1.37941
104201    229.664    1.37931
104301    229.875    1.37917
104401    230.11    1.37906
104501    230.329    1.37903
104601    230.508    1.37901
104701    230.719    1.37907
104801    230.953    1.379
104901    231.205    1.37906
105001    231.424    1.37896
105101    231.695    1.37893
105201    231.952    1.37891
105301    232.226    1.37876
105401    232.487    1.37886
105501    232.739    1.37879
105601    233    1.37888
105701    233.235    1.3788
105801    233.498    1.37891
105901    233.755    1.37883
106001    233.926    1.37884
106101    234.099    1.37877
106201    234.314    1.37862
106301    234.544    1.37851
106401    234.8    1.37863
106501    235.092    1.37851
106601    235.35    1.37856
106701    235.602    1.37838
106801    235.8    1.37844
106901    236.068    1.37838
107001    236.273    1.37839
107101    236.459    1.37852
107201    236.668    1.37839
107301    236.83    1.37838
107401    236.976    1.37857
107501    237.191    1.37848
107601    237.432    1.37864
107701    237.683    1.37868
107801    237.911    1.37859
107901    238.123    1.37854
108001    238.358    1.37847
108101    238.566    1.37846
108201    238.734    1.37841
108301    238.9    1.37846
108401    239.103    1.37852
108501    239.313    1.37862
108601    239.492    1.37878
108701    239.748    1.37878
108801    239.969    1.37878
108901    240.2    1.37885
109001    240.45    1.37864
109101    240.677    1.37869
109201    240.849    1.37864
109301    241.07    1.3788
109401    241.247    1.37877
109501    241.446    1.37886
109601    241.66    1.37888
109701    241.889    1.37903
109801    242.076    1.37917
109901    242.333    1.37894
110001    242.601    1.37893
110101    242.869    1.37895
110201    243.116    1.37869
110301    243.331    1.37869
110401    243.573    1.37874
110501    243.735    1.37876
110601    243.945    1.37883
110701    244.183    1.37888
110801    244.345    1.37878
110901    244.531    1.37871
111001    244.761    1.37871
111101    245.022    1.37883
111201    245.187    1.37886
111301    245.418    1.37894
111401    245.646    1.37917
111501    245.869    1.37916
111601    246.099    1.37927
111701    246.284    1.37934
111801    246.454    1.37922
111901    246.715    1.37932
112001    246.913    1.37932
112101    247.129    1.37947
112201    247.337    1.3795
112301    247.549    1.3796
112401    247.761    1.37949
112501    247.994    1.37933
112601    248.212    1.37915
112701    248.433    1.3789
112801    248.646    1.37874
112901    248.82    1.37864
113001    249.004    1.37844
113101    249.198    1.37862
113201    249.43    1.37854
113301    249.619    1.3787
113401    249.848    1.37858
113501    250.128    1.37857
113601    250.385    1.37868
113701    250.641    1.37875
113801    250.892    1.37875
113901    251.104    1.37886
114001    251.339    1.37886
114101    251.59    1.379
114201    251.875    1.37911
114301    252.126    1.37909
114401    252.382    1.37906
114501    252.63    1.37913
114601    252.884    1.37918
114701    253.081    1.37918
114801    253.252    1.37918
114901    253.41    1.37931
115001    253.569    1.37939
115101    253.809    1.37944
115201    254.01    1.37965
115301    254.178    1.37972
115401    254.419    1.37968
115501    254.617    1.37974
115601    254.875    1.37962
115701    255.064    1.37963
115801    255.312    1.37961
115901    255.507    1.37968
116001    255.674    1.37962
116101    255.857    1.37951
116201    256.1    1.37956
116301    256.334    1.37973
116401    256.56    1.37963
116501    256.748    1.37958
116601    256.935    1.3796
116701    257.166    1.37959
116801    257.365    1.37966
116901    257.599    1.37947
117001    257.806    1.37951
117101    257.973    1.37956
117201    258.197    1.37959
117301    258.432    1.3795
117401    258.595    1.37928
117501    258.847    1.3792
117601    259.084    1.37908
117701    259.346    1.37904
117801    259.558    1.37897
117901    259.73    1.37913
118001    259.904    1.37903
118101    260.156    1.37921
118201    260.346    1.37925
118301    260.524    1.37928
118401    260.749    1.37927
118501    260.971    1.37943
118601    261.215    1.3796
118701    261.441    1.37963
118801    261.721    1.37961
118901    261.895    1.37951
119001    262.101    1.37929
119101    262.376    1.37936
119201    262.548    1.37919
119301    262.821    1.37921
119401    263.038    1.37893
119501    263.209    1.37893
119601    263.368    1.37907
119701    263.601    1.37898
119801    263.792    1.37923
119901    264.056    1.3791
120001    264.286    1.37901
120101    264.488    1.379
120201    264.741    1.37905
120301    264.973    1.3792
120401    265.206    1.37918
120501    265.465    1.37909
120601    265.662    1.37902
120701    265.897    1.37914
120801    266.053    1.37903
120901    266.305    1.37909
121001    266.574    1.37914
121101    266.825    1.37928
121201    267.073    1.37931
121301    267.328    1.37947
121401    267.601    1.37947
121501    267.86    1.37944
121601    268.102    1.37938
121701    268.384    1.37932
121801    268.637    1.37922
121901    268.816    1.37907
122001    268.981    1.37903
122101    269.199    1.37899
122201    269.449    1.37904
122301    269.67    1.37898
122401    269.888    1.37908
122501    270.099    1.37885
122601    270.302    1.37899
122701    270.53    1.37895
122801    270.698    1.37909
122901    270.87    1.37929
123001    271.05    1.37937
123101    271.301    1.37941
123201    271.508    1.3794
123301    271.662    1.37937
123401    271.846    1.37947
123501    272.035    1.37933
123601    272.286    1.37929
123701    272.523    1.3792
123801    272.753    1.37926
123901    272.956    1.37931
124001    273.149    1.37933
124101    273.318    1.37921
124201    273.52    1.37931
124301    273.697    1.37937
124401    273.925    1.37923
124501    274.156    1.37914
124601    274.355    1.37906
124701    274.558    1.37888
124801    274.727    1.37875
124901    274.975    1.37877
125001    275.146    1.37873
125101    275.339    1.37877
125201    275.612    1.37854
125301    275.833    1.37846
125401    276.104    1.37846
125501    276.304    1.37843
125601    276.521    1.37835
125701    276.767    1.37843
125801    277.022    1.37848
125901    277.267    1.37844
126001    277.488    1.37844
126101    277.723    1.37835
126201    277.957    1.37842
126301    278.222    1.37852
126401    278.453    1.37849
126501    278.631    1.37844
126601    278.811    1.37841
126701    279.059    1.3785
126801    279.326    1.37848
126901    279.548    1.37853
127001    279.751    1.37831
127101    280.027    1.37825
127201    280.264    1.3783
127301    280.534    1.37817
127401    280.741    1.37803
127501    280.96    1.37819
127601    281.217    1.37806
127701    281.433    1.37791
127801    281.614    1.37798
127901    281.834    1.37797
128001    282.105    1.37785
128101    282.28    1.37782
128201    282.531    1.37781
128301    282.783    1.37762
128401    282.99    1.37757
128501    283.229    1.37762
128601    283.414    1.37761
128701    283.66    1.37752
128801    283.864    1.3776
128901    284.135    1.37753
129001    284.354    1.37751
129101    284.555    1.3773
129201    284.804    1.37727
129301    285.085    1.37721
129401    285.346    1.37712
129501    285.614    1.3772
129601    285.885    1.37724
129701    286.154    1.37711
129801    286.372    1.3769
129901    286.605    1.37664
130001    286.869    1.37658
130101    287.134    1.37638
130201    287.382    1.37623
130301    287.622    1.3762
130401    287.876    1.37597
130501    288.124    1.37584
130601    288.362    1.37564
130701    288.615    1.37559
130801    288.855    1.37558
130901    289.146    1.37551
131001    289.388    1.37555
131101    289.64    1.37551
131201    289.901    1.37537
131301    290.186    1.37537
131401    290.445    1.37528
131501    290.703    1.37534
131601    290.986    1.37526
131701    291.236    1.37537
131801    291.487    1.37537
131901    291.671    1.37548
132001    291.856    1.37542
132101    292.042    1.37526
132201    292.265    1.37521
132301    292.467    1.3751
132401    292.727    1.37495
132501    292.926    1.37488
132601    293.127    1.3749
132701    293.323    1.37489
132801    293.48    1.37497
132901    293.642    1.37491
133001    293.878    1.37492
133101    294.145    1.37479
133201    294.351    1.37481
133301    294.626    1.37477
133401    294.906    1.37473
133501    295.153    1.37475
133601    295.397    1.37472
133701    295.645    1.37473
133801    295.907    1.37482
133901    296.135    1.37474
134001    296.331    1.37471
134101    296.547    1.3747
134201    296.753    1.37485
134301    296.971    1.37482
134401    297.197    1.37485
134501    297.436    1.375
134601    297.688    1.37507
134701    297.936    1.37507
134801    298.214    1.37497
134901    298.489    1.37501
135001    298.747    1.37494
135101    299.066    1.37489
135201    299.349    1.37489
135301    299.559    1.37486
135401    299.84    1.37485
135501    300.104    1.37489
135601    300.357    1.3748
135701    300.605    1.37498
135801    300.864    1.37505
135901    301.153    1.37501
136001    301.414    1.3752
136101    301.681    1.37524
136201    301.93    1.37525
136301    302.198    1.37523
136401    302.456    1.37526
136501    302.721    1.37526
136601    302.952    1.37527
136701    303.188    1.37519
136801    303.442    1.37523
136901    303.722    1.37518
137001    303.953    1.37514
137101    304.182    1.37516
137201    304.432    1.37514
137301    304.676    1.37519
137401    304.903    1.37526
137501    305.122    1.3753
137601    305.36    1.3754
137701    305.623    1.37559
137801    305.884    1.37561
137901    306.159    1.37563
138001    306.379    1.37563
138101    306.615    1.37565
138201    306.856    1.37566
138301    307.07    1.37574
138401    307.318    1.37572
138501    307.567    1.37564
138601    307.825    1.37558
138701    308.091    1.37551
138801    308.327    1.37542
138901    308.539    1.3753
139001    308.691    1.37521
139101    308.948    1.37526
139201    309.179    1.3754
139301    309.444    1.3754
139401    309.682    1.37541
139501    309.885    1.37532
139601    310.093    1.37522
139701    310.31    1.37519
139801    310.517    1.37527
139901    310.762    1.37525
140001    311.006    1.37521
140101    311.223    1.37517
140201    311.482    1.37526
140301    311.677    1.37525
140401    311.852    1.37522
140501    312.119    1.37514
140601    312.351    1.37512
140701    312.515    1.37498
140801    312.681    1.37499
140901    312.87    1.37489
141001    313.028    1.37467
141101    313.247    1.37452
141201    313.437    1.37462
141301    313.667    1.37459
141401    313.882    1.37468
141501    314.138    1.37467
141601    314.369    1.37469
141701    314.553    1.37449
141801    314.771    1.37457
141901    314.998    1.37457
142001    315.193    1.3747
142101    315.385    1.37468
142201    315.562    1.37453
142301    315.75    1.37466
142401    315.915    1.37468
142501    316.121    1.37484
142601    316.397    1.37479
142701    316.645    1.37465
142801    316.894    1.37463
142901    317.198    1.37457
143001    317.452    1.3745
143101    317.725    1.37436
143201    317.976    1.37435
143301    318.214    1.37429
143401    318.438    1.37428
143501    318.696    1.37437
143601    318.952    1.37434
143701    319.194    1.3743
143801    319.452    1.37417
143901    319.694    1.37422
144001    319.906    1.37415
144101    320.129    1.37414
144201    320.301    1.37416
144301    320.489    1.37414
144401    320.73    1.37401
144501    320.943    1.37397
144601    321.124    1.37394
144701    321.314    1.37386
144801    321.52    1.37378
144901    321.722    1.37366
145001    321.942    1.37355
145101    322.157    1.37356
145201    322.401    1.37358
145301    322.589    1.37355
145401    322.755    1.37346
145501    322.931    1.37342
145601    323.129    1.37358
145701    323.339    1.37356
145801    323.513    1.37369
145901    323.73    1.37366
146001    323.952    1.37372
146101    324.168    1.37359
146201    324.366    1.37351
146301    324.579    1.37355
146401    324.801    1.37343
146501    325.054    1.37333
146601    325.21    1.37332
146701    325.391    1.37335
146801    325.598    1.37338
146901    325.791    1.3733
147001    326.044    1.37326
147101    326.238    1.37317
147201    326.513    1.37317
147301    326.706    1.37306
147401    326.924    1.37303
147501    327.152    1.37303
147601    327.355    1.37304
147701    327.542    1.37304
147801    327.723    1.37309
147901    327.908    1.37312
148001    328.108    1.37308
