1    0.004096    1.85496
101    0.193664    1.9758
201    0.430336    1.94625
301    0.65472    1.91645
401    0.938112    1.86804
501    1.18989    1.82046
601    1.40109    1.7735
701    1.63674    1.73322
801    1.85152    1.70239
901    2.03341    1.67208
1001    2.23526    1.64001
1101    2.50803    1.61829
1201    2.76979    1.60076
1301    3.04806    1.60067
1401    3.27411    1.60568
1501    3.54355    1.59551
1601    3.80595    1.59132
1701    4.06323    1.57477
1801    4.29453    1.57414
1901    4.53734    1.56237
2001    4.82803    1.55055
2101    5.11808    1.53997
2201    5.37421    1.53464
2301    5.64787    1.53445
2401    5.89094    1.53496
2501    6.0768    1.52657
2601    6.2761    1.51888
2701    6.46451    1.52208
2801    6.73741    1.52102
2901    6.95117    1.51661
3001    7.19834    1.51444
3101    7.41082    1.5123
3201    7.66618    1.50618
3301    7.8793    1.50037
3401    8.13683    1.49429
3501    8.35469    1.49299
3601    8.61786    1.49221
3701    8.79795    1.48647
3801    9.05958    1.48726
3901    9.25491    1.48272
4001    9.44422    1.47956
4101    9.60704    1.48169
4201    9.7623    1.48332
4301    10.0072    1.47932
4401    10.2045    1.47187
4501    10.459    1.46974
4601    10.7011    1.47328
4701    10.933    1.47213
4801    11.2087    1.47466
4901    11.4706    1.47704
5001    11.7234    1.4786
5101    11.9987    1.48191
5201    12.2779    1.48187
5301    12.5166    1.48402
5401    12.8018    1.47878
5501    13.0408    1.47723
5601    13.302    1.47783
5701    13.6052    1.47371
5801    13.8728    1.47082
5901    14.1329    1.46747
6001    14.3846    1.46988
6101    14.6501    1.46792
6201    14.9094    1.47189
6301    15.1807    1.47121
6401    15.4287    1.46944
6501    15.6841    1.46772
6601    15.9052    1.47138
6701    16.182    1.47133
6801    16.3671    1.47191
6901    16.6271    1.47195
7001    16.8575    1.47254
7101    17.1268    1.47141
7201    17.3505    1.46871
7301    17.5779    1.47164
7401    17.7923    1.47205
7501    18.0314    1.47159
7601    18.3031    1.47211
7701    18.5115    1.47052
7801    18.7236    1.47068
7901    18.992    1.47138
8001    19.2264    1.47241
8101    19.4578    1.47226
8201    19.6736    1.47089
8301    19.8932    1.47201
8401    20.0676    1.47194
8501    20.2732    1.47124
8601    20.474    1.47161
8701    20.6657    1.47041
8801    20.8804    1.47093
8901    21.1232    1.47122
9001    21.3654    1.47421
9101    21.5839    1.47229
9201    21.83    1.47483
9301    22.0648    1.4761
9401    22.2623    1.47668
9501    22.4433    1.47657
9601    22.6168    1.47911
9701    22.8379    1.4786
9801    23.0538    1.47793
9901    23.3418    1.47682
10001    23.5675    1.47498
10101    23.7829    1.47626
10201    23.9812    1.47495
10301    24.2008    1.47745
10401    24.3884    1.47715
10501    24.6031    1.47632
10601    24.8324    1.47869
10701    25.0597    1.47895
10801    25.2753    1.47868
10901    25.4664    1.48102
11001    25.6509    1.4812
11101    25.8164    1.48295
11201    26.0347    1.4812
11301    26.2345    1.48012
11401    26.4188    1.47912
11501    26.6639    1.47931
11601    26.8627    1.4782
11701    27.0328    1.47921
11801    27.2771    1.47818
11901    27.4895    1.47799
12001    27.6869    1.47632
12101    27.9508    1.47626
12201    28.2115    1.4754
12301    28.4664    1.47559
12401    28.7251    1.47539
12501    28.9864    1.47491
12601    29.2421    1.47412
12701    29.4972    1.47463
12801    29.7475    1.47408
12901    30.0038    1.47313
13001    30.2597    1.47346
13101    30.5254    1.47154
13201    30.7525    1.47009
13301    30.9624    1.47106
13401    31.2468    1.47033
13501    31.4871    1.4705
13601    31.7428    1.47039
13701    31.9852    1.4713
13801    32.224    1.47156
13901    32.4735    1.47095
14001    32.7299    1.472
14101    32.988    1.47432
14201    33.2684    1.47339
14301    33.4761    1.4733
14401    33.6986    1.47444
14501    33.947    1.47482
14601    34.1659    1.47594
14701    34.3485    1.47691
14801    34.5366    1.47771
14901    34.7378    1.47842
15001    34.9147    1.4775
15101    35.0931    1.47842
15201    35.2484    1.47775
15301    35.4273    1.47616
15401    35.6364    1.47696
15501    35.8145    1.47654
15601    35.9948    1.47577
15701    36.2213    1.47342
15801    36.4364    1.47345
15901    36.6162    1.47337
16001    36.7813    1.47205
16101    36.9894    1.47083
16201    37.2243    1.47071
16301    37.3946    1.47208
16401    37.6339    1.47273
16501    37.8624    1.4724
16601    38.0712    1.47255
16701    38.2853    1.47168
16801    38.5295    1.47142
16901    38.7969    1.47103
17001    39.0486    1.4712
17101    39.25    1.47094
17201    39.5054    1.46958
17301    39.7638    1.46925
17401    39.9789    1.46976
17501    40.1853    1.46884
17601    40.3441    1.46923
17701    40.5654    1.46916
17801    40.8005    1.46935
17901    40.9738    1.4692
18001    41.1442    1.46851
18101    41.3477    1.46899
18201    41.5617    1.4688
18301    41.7929    1.46854
18401    41.9822    1.4683
18501    42.1997    1.4686
18601    42.4247    1.46823
18701    42.6138    1.46825
18801    42.8074    1.46796
18901    43.0368    1.4675
19001    43.2015    1.4689
19101    43.3852    1.46717
19201    43.554    1.46676
19301    43.7364    1.46642
19401    43.9732    1.46576
19501    44.1629    1.46589
19601    44.4233    1.46494
19701    44.6729    1.4657
19801    44.9317    1.46581
19901    45.1732    1.46581
20001    45.3487    1.46518
20101    45.5931    1.46538
20201    45.8706    1.46568
20301    46.0777    1.46573
20401    46.2778    1.46517
20501    46.498    1.46363
20601    46.6959    1.46293
20701    46.9208    1.46239
20801    47.1658    1.46295
20901    47.4077    1.46295
21001    47.636    1.46275
21101    47.8492    1.46364
21201    48.1033    1.46298
21301    48.3636    1.4631
21401    48.6184    1.46302
21501    48.8653    1.46329
21601    49.1203    1.46347
21701    49.3425    1.46344
21801    49.5971    1.46316
21901    49.8312    1.46266
22001    50.0474    1.4614
22101    50.206    1.4626
22201    50.4109    1.46255
22301    50.5916    1.46293
22401    50.7967    1.4621
22501    51.0463    1.46174
22601    51.307    1.46113
22701    51.4651    1.46145
22801    51.631    1.461
22901    51.8472    1.46101
23001    52.0806    1.46123
23101    52.3332    1.46161
23201    52.5847    1.46157
23301    52.828    1.4621
23401    53.0817    1.46212
23501    53.35    1.46265
23601    53.5981    1.4629
23701    53.8601    1.46196
23801    54.1065    1.46245
23901    54.3613    1.46236
24001    54.615    1.46259
24101    54.8667    1.46374
24201    55.0984    1.46462
24301    55.3477    1.46519
24401    55.5985    1.46586
24501    55.8437    1.46631
24601    56.1079    1.4665
24701    56.3268    1.46648
24801    56.5352    1.46694
24901    56.7576    1.46616
25001    57.0113    1.46657
25101    57.2827    1.46643
25201    57.5311    1.46668
25301    57.7626    1.46662
25401    58.016    1.46592
25501    58.2886    1.46654
25601    58.5432    1.46663
25701    58.7415    1.46601
25801    58.9084    1.46665
25901    59.0611    1.467
26001    59.3412    1.46695
26101    59.5887    1.46676
26201    59.8244    1.46681
26301    60.0305    1.46739
26401    60.2898    1.46762
26501    60.5766    1.46699
26601    60.838    1.46814
26701    61.0653    1.46807
26801    61.2527    1.46771
26901    61.4929    1.46717
27001    61.7449    1.4664
27101    62.016    1.46662
27201    62.2555    1.46724
27301    62.4252    1.46665
27401    62.6664    1.46709
27501    62.9235    1.46655
27601    63.1635    1.46637
27701    63.4296    1.46675
27801    63.689    1.46688
27901    63.9359    1.46623
28001    64.2024    1.46561
28101    64.4406    1.46562
28201    64.6917    1.46641
28301    64.9816    1.46614
28401    65.1693    1.46594
28501    65.4118    1.4657
28601    65.6668    1.46539
28701    65.935    1.4649
28801    66.192    1.46418
28901    66.4296    1.46417
29001    66.74    1.46426
29101    66.9855    1.46398
29201    67.2216    1.46407
29301    67.4953    1.46399
29401    67.746    1.46475
29501    68.0198    1.4641
29601    68.2971    1.46483
29701    68.5391    1.46345
29801    68.8141    1.46281
29901    69.0236    1.46208
30001    69.2714    1.46206
30101    69.525    1.46209
30201    69.7779    1.46196
30301    70.0314    1.46258
30401    70.2967    1.46281
30501    70.5431    1.46203
30601    70.7576    1.46213
30701    71.0077    1.46177
30801    71.2698    1.46209
30901    71.5    1.46188
31001    71.7667    1.46158
31101    71.9684    1.46144
31201    72.1957    1.46129
31301    72.4297    1.46102
31401    72.6357    1.46099
31501    72.8956    1.46075
31601    73.1168    1.46059
31701    73.319    1.46012
31801    73.5345    1.46028
31901    73.7844    1.46024
32001    74.036    1.46028
32101    74.2582    1.46039
32201    74.4964    1.46006
32301    74.7443    1.46016
32401    75.0007    1.46052
32501    75.2952    1.46055
32601    75.4815    1.46142
32701    75.7492    1.46186
32801    76.0127    1.4617
32901    76.263    1.46144
33001    76.5477    1.46142
33101    76.7519    1.46078
33201    77.0106    1.46121
33301    77.2244    1.46142
33401    77.4949    1.46153
33501    77.7302    1.46164
33601    77.9845    1.46209
33701    78.2172    1.46268
33801    78.4242    1.46208
33901    78.6694    1.46178
34001    78.9244    1.46168
34101    79.0685    1.46161
34201    79.286    1.46111
34301    79.5244    1.46132
34401    79.76    1.46157
34501    79.9619    1.46118
34601    80.1861    1.46135
34701    80.3726    1.46114
34801    80.5928    1.46089
34901    80.783    1.46017
35001    80.9469    1.45942
35101    81.1785    1.45918
35201    81.3601    1.45924
35301    81.5685    1.45935
35401    81.7417    1.45869
35501    81.9999    1.45885
35601    82.1964    1.45832
35701    82.3558    1.45817
35801    82.6117    1.45864
35901    82.8237    1.45884
36001    83.0308    1.45872
36101    83.2649    1.45897
36201    83.4611    1.45898
36301    83.7088    1.45912
36401    83.8752    1.45908
36501    84.0823    1.45951
36601    84.3119    1.45984
36701    84.5275    1.46015
36801    84.7459    1.4603
36901    84.8997    1.45963
37001    85.0764    1.45993
37101    85.2895    1.45999
37201    85.5167    1.46035
37301    85.724    1.46004
37401    85.9318    1.46068
37501    86.162    1.46023
37601    86.4195    1.45997
37701    86.6575    1.46037
37801    86.8172    1.46025
37901    87.02    1.45926
38001    87.1972    1.45854
38101    87.3951    1.45881
38201    87.6243    1.45892
38301    87.8557    1.45908
38401    88.1009    1.45943
38501    88.2746    1.4595
38601    88.4398    1.45917
38701    88.6926    1.45889
38801    88.9146    1.45891
38901    89.1597    1.45945
39001    89.418    1.45886
39101    89.6764    1.45886
39201    89.9546    1.45922
39301    90.1868    1.45991
39401    90.4447    1.4601
39501    90.6689    1.46072
39601    90.8317    1.4612
39701    91.0546    1.46093
39801    91.2397    1.4613
39901    91.4938    1.46133
40001    91.7517    1.46195
40101    91.9895    1.46189
40201    92.222    1.46212
40301    92.4937    1.46198
40401    92.7507    1.46195
40501    92.9856    1.46196
40601    93.2078    1.46176
40701    93.4497    1.46135
40801    93.7202    1.46155
40901    93.9204    1.46098
41001    94.1422    1.46068
41101    94.3745    1.46143
41201    94.6551    1.46131
41301    94.8937    1.46193
41401    95.1535    1.46177
41501    95.3843    1.46155
41601    95.5748    1.46155
41701    95.7774    1.46216
41801    96.005    1.46212
41901    96.2292    1.46228
42001    96.4544    1.46262
42101    96.7122    1.463
42201    96.9388    1.46326
42301    97.1921    1.46293
42401    97.4591    1.46326
42501    97.7157    1.46378
42601    97.9566    1.46357
42701    98.1984    1.46318
42801    98.4367    1.46307
42901    98.6596    1.46293
43001    98.8571    1.46275
43101    99.0301    1.46231
43201    99.1944    1.46246
43301    99.3643    1.46247
43401    99.6306    1.46233
43501    99.814    1.46227
43601    100.021    1.46253
43701    100.225    1.46256
43801    100.42    1.46278
43901    100.633    1.46346
44001    100.838    1.46322
44101    101.058    1.46328
44201    101.242    1.46405
44301    101.411    1.46357
44401    101.577    1.46381
44501    101.806    1.46415
44601    102.051    1.46471
44701    102.265    1.46477
44801    102.428    1.46455
44901    102.591    1.46507
45001    102.781    1.46514
45101    103.002    1.4645
45201    103.196    1.46438
45301    103.389    1.46498
45401    103.641    1.4648
45501    103.814    1.4651
45601    104.074    1.46476
45701    104.302    1.46492
45801    104.479    1.4648
45901    104.696    1.46513
46001    104.941    1.46565
46101    105.169    1.46573
46201    105.372    1.46584
46301    105.551    1.46575
46401    105.8    1.46612
46501    106.039    1.46603
46601    106.216    1.46615
46701    106.392    1.46592
46801    106.567    1.46589
46901    106.804    1.46582
47001    106.992    1.46566
47101    107.205    1.46528
47201    107.428    1.46542
47301    107.626    1.46549
47401    107.894    1.46587
47501    108.162    1.46647
47601    108.408    1.46676
47701    108.657    1.46672
47801    108.913    1.46687
47901    109.168    1.46674
48001    109.42    1.46716
48101    109.623    1.46734
48201    109.873    1.46762
48301    110.096    1.46758
48401    110.345    1.46758
48501    110.589    1.46798
48601    110.826    1.46794
48701    111.063    1.46784
48801    111.315    1.46781
48901    111.538    1.4675
49001    111.785    1.46759
49101    112.023    1.4673
49201    112.269    1.46774
49301    112.484    1.46751
49401    112.667    1.4672
49501    112.936    1.46717
49601    113.197    1.46704
49701    113.439    1.46748
49801    113.675    1.46778
49901    113.937    1.46817
50001    114.186    1.46868
50101    114.401    1.46879
50201    114.587    1.46882
50301    114.776    1.46875
50401    115.021    1.46877
50501    115.278    1.46866
50601    115.458    1.46894
50701    115.687    1.4689
50801    115.874    1.46875
50901    116.088    1.4687
51001    116.289    1.46876
51101    116.473    1.46867
51201    116.669    1.46905
51301    116.886    1.46914
51401    117.064    1.4694
51501    117.337    1.46925
51601    117.515    1.46921
51701    117.67    1.4691
51801    117.888    1.46939
51901    118.056    1.46896
52001    118.253    1.46859
52101    118.501    1.4684
52201    118.676    1.46836
52301    118.916    1.46815
52401    119.178    1.46798
52501    119.405    1.46825
52601    119.583    1.46823
52701    119.808    1.4683
52801    120.01    1.46873
52901    120.218    1.46866
53001    120.399    1.46866
53101    120.554    1.46875
53201    120.764    1.46829
53301    120.943    1.46844
53401    121.185    1.46881
53501    121.393    1.46841
53601    121.602    1.46852
53701    121.782    1.46914
53801    122.003    1.46872
53901    122.253    1.46878
54001    122.451    1.46856
54101    122.614    1.46869
54201    122.785    1.46842
54301    122.985    1.46864
54401    123.212    1.4686
54501    123.428    1.46847
54601    123.652    1.46836
54701    123.829    1.46837
54801    124.008    1.46895
54901    124.209    1.46901
55001    124.435    1.46913
55101    124.641    1.46911
55201    124.856    1.46898
55301    125.012    1.4692
55401    125.183    1.46933
55501    125.352    1.46993
55601    125.62    1.46975
55701    125.838    1.46967
55801    126.068    1.46968
55901    126.271    1.47025
56001    126.474    1.4703
56101    126.701    1.47062
56201    126.913    1.4706
56301    127.125    1.47065
56401    127.343    1.47081
56501    127.603    1.47019
56601    127.786    1.47028
56701    128.021    1.4704
56801    128.192    1.47033
56901    128.407    1.46995
57001    128.665    1.46966
57101    128.92    1.46959
57201    129.175    1.4699
57301    129.449    1.46981
57401    129.705    1.47019
57501    130.001    1.46978
57601    130.253    1.46987
57701    130.402    1.46998
57801    130.612    1.47007
57901    130.888    1.47
58001    131.108    1.47045
58101    131.37    1.47027
58201    131.565    1.47041
58301    131.737    1.47026
58401    131.938    1.47018
58501    132.169    1.46975
58601    132.359    1.46947
58701    132.576    1.46941
58801    132.798    1.46961
58901    133.048    1.46954
59001    133.295    1.46955
59101    133.472    1.46939
59201    133.698    1.46912
59301    133.895    1.46896
59401    134.102    1.46869
59501    134.328    1.46881
59601    134.574    1.46886
59701    134.788    1.46899
59801    134.991    1.46916
59901    135.25    1.46937
60001    135.49    1.46925
60101    135.758    1.46937
60201    136.023    1.46949
60301    136.249    1.4695
60401    136.417    1.46941
60501    136.677    1.46927
60601    136.87    1.46937
60701    137.069    1.46917
60801    137.303    1.46912
60901    137.487    1.46907
61001    137.734    1.46888
61101    137.958    1.4688
61201    138.226    1.46872
61301    138.413    1.46896
61401    138.668    1.46875
61501    138.911    1.469
61601    139.1    1.46921
61701    139.336    1.46944
61801    139.571    1.46937
61901    139.742    1.46942
62001    139.985    1.46949
62101    140.173    1.46965
62201    140.4    1.46968
62301    140.601    1.47016
62401    140.821    1.47019
62501    141.067    1.4702
62601    141.33    1.4701
62701    141.57    1.47009
62801    141.816    1.46995
62901    142.066    1.46988
63001    142.275    1.46977
63101    142.536    1.4697
63201    142.735    1.46979
63301    142.939    1.4699
63401    143.205    1.47018
63501    143.47    1.47033
63601    143.703    1.46996
63701    143.913    1.46994
63801    144.106    1.47006
63901    144.287    1.46975
64001    144.464    1.47011
64101    144.656    1.47
64201    144.855    1.46999
64301    145.067    1.46975
64401    145.221    1.46989
64501    145.467    1.46996
64601    145.634    1.47023
64701    145.888    1.4707
64801    146.107    1.4707
64901    146.322    1.47056
65001    146.578    1.47073
65101    146.837    1.47064
65201    147.028    1.47068
65301    147.257    1.4707
65401    147.431    1.4704
65501    147.645    1.47068
65601    147.846    1.47041
65701    148.089    1.47064
65801    148.292    1.47044
65901    148.505    1.47041
66001    148.686    1.47038
66101    148.896    1.47026
66201    149.115    1.47016
66301    149.318    1.47019
66401    149.563    1.47036
66501    149.743    1.47043
66601    149.953    1.47072
66701    150.15    1.47102
66801    150.344    1.47101
66901    150.551    1.47102
67001    150.802    1.4712
67101    151.026    1.47123
67201    151.27    1.47134
67301    151.518    1.47154
67401    151.783    1.47135
67501    152.039    1.47109
67601    152.307    1.47071
67701    152.523    1.47028
67801    152.753    1.47004
67901    153.025    1.46969
68001    153.293    1.46935
68101    153.502    1.46898
68201    153.766    1.46882
68301    154.026    1.46846
68401    154.295    1.46824
68501    154.581    1.46814
68601    154.799    1.46818
68701    155.009    1.46797
68801    155.254    1.46815
68901    155.521    1.46827
69001    155.784    1.46815
69101    156.05    1.46855
69201    156.325    1.46858
69301    156.565    1.46842
69401    156.818    1.46843
69501    157.087    1.46827
69601    157.349    1.46824
69701    157.578    1.46856
69801    157.813    1.46852
69901    158.083    1.46848
70001    158.285    1.46835
70101    158.537    1.46832
70201    158.818    1.46826
70301    159.065    1.46842
70401    159.305    1.46862
70501    159.553    1.46874
70601    159.816    1.46876
70701    160.019    1.46894
70801    160.224    1.46887
70901    160.47    1.46889
71001    160.663    1.46868
71101    160.859    1.46859
71201    161.09    1.46856
71301    161.254    1.46859
71401    161.471    1.46857
71501    161.733    1.4685
71601    161.994    1.46821
71701    162.231    1.46839
71801    162.475    1.4688
71901    162.691    1.46838
72001    162.95    1.46849
72101    163.153    1.46836
72201    163.379    1.46816
72301    163.585    1.46814
72401    163.827    1.46827
72501    164.073    1.46813
72601    164.315    1.46808
72701    164.52    1.4681
72801    164.682    1.46841
72901    164.896    1.46878
73001    165.177    1.46879
73101    165.435    1.46869
73201    165.632    1.46898
73301    165.871    1.4692
73401    166.04    1.46942
73501    166.261    1.4694
73601    166.455    1.46935
73701    166.697    1.46932
73801    166.903    1.4695
73901    167.083    1.46964
74001    167.3    1.46969
74101    167.496    1.46965
74201    167.732    1.46992
74301    167.966    1.46985
74401    168.234    1.46963
74501    168.461    1.46966
74601    168.668    1.46989
74701    168.909    1.47021
74801    169.161    1.47006
74901    169.337    1.47023
75001    169.546    1.47017
75101    169.761    1.47021
75201    170.035    1.47012
75301    170.228    1.4702
75401    170.441    1.47034
75501    170.694    1.4705
75601    170.971    1.47047
75701    171.223    1.47076
75801    171.42    1.47078
75901    171.655    1.47066
76001    171.897    1.4706
76101    172.087    1.47069
76201    172.247    1.47059
76301    172.506    1.47045
76401    172.705    1.4701
76501    172.871    1.47019
76601    173.059    1.4701
76701    173.252    1.47
76801    173.428    1.46982
76901    173.654    1.46964
77001    173.895    1.46951
77101    174.091    1.46978
77201    174.348    1.47011
77301    174.604    1.47014
77401    174.874    1.47025
77501    175.063    1.47054
77601    175.315    1.47053
77701    175.577    1.47042
77801    175.833    1.47049
77901    176.073    1.47054
78001    176.294    1.47072
78101    176.523    1.47065
78201    176.746    1.47083
78301    176.964    1.47095
78401    177.164    1.47095
78501    177.35    1.471
78601    177.518    1.4711
78701    177.682    1.47104
78801    177.899    1.4708
78901    178.108    1.47061
79001    178.374    1.47036
79101    178.597    1.47021
79201    178.848    1.47025
79301    179.061    1.47038
79401    179.243    1.47043
79501    179.505    1.47053
79601    179.758    1.47043
79701    180.041    1.47058
79801    180.286    1.4709
79901    180.548    1.47064
80001    180.812    1.47079
80101    181.074    1.47082
80201    181.325    1.47075
80301    181.519    1.47065
80401    181.722    1.47065
80501    181.895    1.47062
80601    182.182    1.47052
80701    182.452    1.47065
80801    182.644    1.47078
80901    182.883    1.4711
81001    183.055    1.47109
81101    183.215    1.47101
81201    183.389    1.47092
81301    183.569    1.47064
81401    183.75    1.47061
81501    183.96    1.47068
81601    184.136    1.47068
81701    184.344    1.47086
81801    184.548    1.4708
81901    184.747    1.47062
82001    184.963    1.4708
82101    185.13    1.47069
82201    185.301    1.47055
82301    185.525    1.47083
82401    185.71    1.47066
82501    185.877    1.47082
82601    186.073    1.47104
82701    186.286    1.47112
82801    186.499    1.47136
82901    186.756    1.47129
83001    187.012    1.47133
83101    187.282    1.47129
83201    187.506    1.47158
83301    187.695    1.4716
83401    187.896    1.47142
83501    188.065    1.47163
83601    188.297    1.47177
83701    188.496    1.47175
83801    188.685    1.47198
83901    188.924    1.47188
84001    189.137    1.47229
84101    189.327    1.47256
84201    189.558    1.47254
84301    189.759    1.4725
84401    189.982    1.47226
84501    190.234    1.47199
84601    190.444    1.47169
84701    190.66    1.47173
84801    190.896    1.47154
84901    191.158    1.47161
85001    191.411    1.47158
85101    191.665    1.47148
85201    191.881    1.47158
85301    192.112    1.47146
85401    192.294    1.47122
85501    192.538    1.47125
85601    192.794    1.47132
85701    193.048    1.47148
85801    193.284    1.47179
85901    193.476    1.47207
86001    193.693    1.47206
86101    193.909    1.47197
86201    194.098    1.47193
86301    194.253    1.47206
86401    194.435    1.47226
86501    194.679    1.47228
86601    194.895    1.4724
86701    195.115    1.4725
86801    195.343    1.47262
86901    195.524    1.47273
87001    195.761    1.47282
87101    195.999    1.47288
87201    196.193    1.47291
87301    196.444    1.47276
87401    196.653    1.47276
87501    196.891    1.47248
87601    197.145    1.47256
87701    197.366    1.47262
87801    197.602    1.47259
87901    197.82    1.47258
88001    198.03    1.47256
88101    198.306    1.47257
88201    198.597    1.4729
88301    198.783    1.47292
88401    198.994    1.47315
88501    199.213    1.47308
88601    199.422    1.47317
88701    199.686    1.47304
88801    199.922    1.4732
88901    200.102    1.47318
89001    200.361    1.47306
89101    200.588    1.47308
89201    200.785    1.4728
89301    200.993    1.47257
89401    201.164    1.47281
89501    201.347    1.47301
89601    201.547    1.47324
89701    201.798    1.47321
89801    202.041    1.47305
89901    202.243    1.47331
90001    202.464    1.47317
90101    202.697    1.47314
90201    202.904    1.47295
90301    203.156    1.47308
90401    203.428    1.47291
90501    203.608    1.47268
90601    203.776    1.47277
90701    204.006    1.47268
90801    204.248    1.47261
90901    204.477    1.47235
91001    204.703    1.47195
91101    204.928    1.47213
91201    205.115    1.47225
91301    205.279    1.47245
91401    205.455    1.47248
91501    205.668    1.47228
91601    205.891    1.47203
91701    206.091    1.47215
91801    206.287    1.47189
91901    206.481    1.47212
92001    206.728    1.47217
92101    206.957    1.47211
92201    207.218    1.47173
92301    207.471    1.47129
92401    207.73    1.47129
92501    207.891    1.47137
92601    208.107    1.47135
92701    208.272    1.47134
92801    208.44    1.4711
92901    208.604    1.47127
93001    208.798    1.47133
93101    208.99    1.47129
93201    209.202    1.47104
93301    209.44    1.47104
93401    209.646    1.47092
93501    209.852    1.47126
93601    210.086    1.47129
93701    210.326    1.4715
93801    210.547    1.47179
93901    210.786    1.47173
94001    211.018    1.47173
94101    211.261    1.47179
94201    211.483    1.47187
94301    211.734    1.47202
94401    211.958    1.47182
94501    212.16    1.4718
94601    212.373    1.47169
94701    212.531    1.47175
94801    212.705    1.47176
94901    212.898    1.47174
95001    213.077    1.47162
95101    213.239    1.47164
95201    213.462    1.47173
95301    213.68    1.47182
95401    213.864    1.47182
95501    214.022    1.47169
95601    214.251    1.47187
95701    214.422    1.47199
95801    214.634    1.47188
95901    214.825    1.47185
96001    215.089    1.47208
96101    215.26    1.47196
96201    215.469    1.47203
96301    215.623    1.47213
96401    215.824    1.47221
96501    216.052    1.4722
96601    216.294    1.47207
96701    216.545    1.47229
96801    216.789    1.47236
96901    217.019    1.47216
97001    217.272    1.47209
97101    217.503    1.47223
97201    217.739    1.47235
97301    217.947    1.47217
97401    218.121    1.47224
97501    218.347    1.47204
97601    218.581    1.47216
97701    218.746    1.47231
97801    218.967    1.4721
97901    219.126    1.47215
98001    219.327    1.47195
98101    219.493    1.47179
98201    219.679    1.47161
98301    219.892    1.47167
98401    220.088    1.47192
98501    220.336    1.47187
98601    220.6    1.47181
98701    220.84    1.47164
98801    221.08    1.47182
98901    221.283    1.47164
99001    221.499    1.47158
99101    221.685    1.47164
99201    221.845    1.47157
99301    222.041    1.47172
99401    222.242    1.47154
99501    222.478    1.47165
99601    222.71    1.47177
99701    222.908    1.47176
99801    223.085    1.47164
99901    223.275    1.47155
100001    223.442    1.47159
100101    223.68    1.47153
100201    223.915    1.4714
100301    224.158    1.47128
100401    224.354    1.47144
100501    224.609    1.4712
100601    224.806    1.471
100701    225.036    1.47098
100801    225.252    1.47085
100901    225.524    1.47097
101001    225.777    1.47081
101101    225.971    1.47087
101201    226.159    1.47099
101301    226.374    1.47096
101401    226.574    1.47106
101501    226.783    1.47102
101601    226.969    1.47107
101701    227.136    1.471
101801    227.31    1.47116
101901    227.559    1.47101
102001    227.758    1.47096
102101    227.998    1.47092
102201    228.226    1.47107
102301    228.451    1.4708
102401    228.681    1.47061
102501    228.934    1.47056
102601    229.164    1.47044
102701    229.362    1.47044
102801    229.563    1.47047
102901    229.832    1.47033
103001    230.091    1.47008
103101    230.344    1.46988
103201    230.609    1.4699
103301    230.863    1.46997
103401    231.105    1.46978
103501    231.357    1.46951
103601    231.607    1.46959
103701    231.866    1.4695
103801    232.115    1.46957
103901    232.362    1.46942
104001    232.577    1.46921
104101    232.791    1.46937
104201    233.05    1.46971
104301    233.299    1.46976
104401    233.557    1.46969
104501    233.836    1.46967
104601    234.077    1.46965
104701    234.31    1.46972
104801    234.566    1.46967
104901    234.84    1.46966
105001    235.069    1.46973
105101    235.314    1.4697
105201    235.527    1.46949
105301    235.697    1.46945
105401    235.959    1.4693
105501    236.134    1.46934
105601    236.383    1.46929
105701    236.608    1.46921
105801    236.854    1.4693
105901    237.102    1.4693
106001    237.257    1.46964
106101    237.421    1.46963
106201    237.648    1.46968
106301    237.89    1.46968
106401    238.111    1.46974
106501    238.321    1.46967
106601    238.524    1.46977
106701    238.714    1.46963
106801    238.987    1.46975
106901    239.271    1.46975
107001    239.501    1.4695
107101    239.756    1.46947
107201    240.029    1.46949
107301    240.287    1.46971
107401    240.535    1.46951
107501    240.729    1.46933
107601    240.892    1.46949
107701    241.049    1.46926
107801    241.229    1.46918
107901    241.4    1.46912
108001    241.623    1.46919
108101    241.79    1.46899
108201    241.96    1.4689
108301    242.126    1.46884
108401    242.296    1.469
108501    242.497    1.46902
108601    242.691    1.46886
108701    242.919    1.46878
108801    243.137    1.46869
108901    243.38    1.46859
109001    243.637    1.46867
109101    243.855    1.46867
109201    244.035    1.46886
109301    244.214    1.46896
109401    244.391    1.4689
109501    244.6    1.46888
109601    244.81    1.46892
109701    245.034    1.46906
109801    245.241    1.46914
109901    245.451    1.46894
110001    245.644    1.46902
110101    245.856    1.46871
110201    246.125    1.469
110301    246.365    1.46891
110401    246.57    1.469
110501    246.772    1.46903
110601    246.981    1.46896
110701    247.213    1.46891
110801    247.42    1.4688
110901    247.598    1.46912
111001    247.798    1.46933
111101    248.028    1.46944
111201    248.243    1.4694
111301    248.495    1.46947
111401    248.742    1.46943
111501    248.974    1.4693
111601    249.165    1.4694
111701    249.33    1.46929
111801    249.491    1.46929
111901    249.681    1.46948
112001    249.86    1.46948
112101    250.07    1.46944
112201    250.29    1.46929
112301    250.54    1.46938
112401    250.728    1.46926
112501    250.969    1.46913
112601    251.22    1.46912
112701    251.485    1.46897
112801    251.717    1.46914
112901    251.938    1.46914
113001    252.155    1.46911
113101    252.356    1.46927
113201    252.607    1.4693
113301    252.788    1.46933
113401    252.964    1.4693
113501    253.131    1.46931
113601    253.354    1.4692
113701    253.599    1.46923
113801    253.867    1.46922
113901    254.119    1.46902
114001    254.393    1.46918
114101    254.636    1.46903
114201    254.843    1.46875
114301    255.021    1.46865
114401    255.259    1.46866
114501    255.487    1.46876
114601    255.734    1.46882
114701    255.974    1.46856
114801    256.22    1.46854
114901    256.434    1.46847
115001    256.622    1.46852
115101    256.812    1.46851
115201    257.061    1.46834
115301    257.319    1.46816
115401    257.582    1.46811
115501    257.841    1.46792
115601    258.042    1.46802
115701    258.219    1.46788
115801    258.382    1.46804
115901    258.562    1.46825
116001    258.784    1.46817
116101    259.041    1.46809
116201    259.273    1.46828
116301    259.481    1.46848
116401    259.641    1.46865
116501    259.865    1.46851
116601    260.04    1.46855
116701    260.297    1.46858
116801    260.527    1.4684
116901    260.74    1.46824
117001    260.91    1.46816
117101    261.076    1.46819
117201    261.225    1.46816
117301    261.455    1.46797
117401    261.672    1.46812
117501    261.897    1.46806
117601    262.073    1.46804
117701    262.288    1.46814
117801    262.464    1.46828
117901    262.646    1.46833
118001    262.872    1.46837
118101    263.068    1.46822
118201    263.34    1.46811
118301    263.507    1.46821
118401    263.742    1.46841
118501    263.949    1.46842
118601    264.176    1.46837
118701    264.389    1.4684
118801    264.566    1.46842
118901    264.752    1.46863
119001    264.939    1.46868
119101    265.174    1.46871
119201    265.439    1.46845
119301    265.737    1.46854
119401    266.006    1.46842
119501    266.248    1.46837
119601    266.488    1.46834
119701    266.719    1.46848
119801    266.974    1.46842
119901    267.241    1.4684
120001    267.486    1.46851
120101    267.685    1.46848
120201    267.94    1.46838
120301    268.195    1.46844
120401    268.432    1.4686
120501    268.64    1.46873
120601    268.847    1.46882
120701    268.99    1.46907
120801    269.243    1.46899
120901    269.462    1.46892
121001    269.707    1.46885
121101    269.957    1.46892
121201    270.154    1.46906
121301    270.402    1.46923
121401    270.639    1.46924
121501    270.857    1.46923
121601    271.071    1.46923
121701    271.298    1.46931
121801    271.503    1.46929
121901    271.721    1.46927
122001    271.974    1.46915
122101    272.168    1.46913
122201    272.408    1.46905
122301    272.623    1.46894
122401    272.814    1.46899
122501    272.995    1.46888
122601    273.23    1.46876
122701    273.454    1.46869
122801    273.659    1.46871
122901    273.86    1.46885
123001    274.052    1.46891
123101    274.249    1.46887
123201    274.446    1.46889
123301    274.63    1.46883
123401    274.825    1.4689
123501    275.027    1.46889
123601    275.207    1.46891
123701    275.449    1.46881
123801    275.663    1.46907
123901    275.91    1.4689
124001    276.163    1.46886
124101    276.375    1.46896
124201    276.536    1.46892
124301    276.772    1.46889
124401    277.017    1.469
124501    277.269    1.46885
124601    277.484    1.46877
124701    277.754    1.46873
124801    278.003    1.46878
124901    278.254    1.46895
125001    278.493    1.469
125101    278.748    1.46892
125201    278.996    1.46889
125301    279.248    1.46882
125401    279.5    1.46894
125501    279.762    1.46889
125601    280.017    1.46891
125701    280.257    1.46897
125801    280.48    1.46893
125901    280.725    1.46885
126001    280.995    1.46888
126101    281.239    1.46892
126201    281.445    1.46909
126301    281.698    1.46896
126401    281.903    1.46917
126501    282.083    1.4693
126601    282.263    1.46918
126701    282.441    1.46906
126801    282.719    1.46914
126901    282.974    1.46922
127001    283.231    1.46904
127101    283.467    1.46921
127201    283.727    1.4691
127301    283.972    1.46907
127401    284.237    1.46912
127501    284.495    1.46906
127601    284.755    1.4689
127701    284.989    1.46901
127801    285.195    1.46871
127901    285.367    1.46851
128001    285.562    1.46842
128101    285.796    1.46832
128201    285.955    1.46806
128301    286.133    1.4683
128401    286.337    1.46838
128501    286.538    1.4684
128601    286.709    1.46844
128701    286.878    1.46836
128801    287.09    1.46834
128901    287.325    1.46851
129001    287.533    1.46864
129101    287.788    1.46864
129201    287.958    1.4687
129301    288.221    1.46853
129401    288.446    1.46862
129501    288.679    1.46866
129601    288.941    1.46867
129701    289.158    1.46877
129801    289.396    1.46893
129901    289.607    1.46911
130001    289.809    1.46905
130101    290.008    1.46894
130201    290.213    1.4689
130301    290.433    1.4689
130401    290.64    1.46902
130501    290.862    1.46914
130601    291.02    1.46932
130701    291.231    1.46925
130801    291.429    1.46923
130901    291.67    1.46943
131001    291.88    1.46961
131101    292.116    1.46948
131201    292.285    1.4697
131301    292.466    1.46979
131401    292.624    1.46965
131501    292.869    1.46955
131601    293.106    1.4695
131701    293.32    1.46957
131801    293.554    1.46968
131901    293.838    1.46976
132001    294.107    1.46987
132101    294.34    1.46974
132201    294.602    1.46963
132301    294.876    1.46967
132401    295.104    1.46975
132501    295.327    1.46976
132601    295.585    1.4697
132701    295.74    1.46966
132801    295.976    1.46965
132901    296.175    1.46975
133001    296.352    1.46961
133101    296.609    1.4697
133201    296.866    1.46976
133301    297.118    1.46962
133401    297.331    1.46965
133501    297.577    1.46965
133601    297.834    1.46944
133701    298.081    1.46946
133801    298.237    1.46939
133901    298.404    1.46939
134001    298.581    1.46937
134101    298.822    1.46926
134201    299.027    1.46925
134301    299.194    1.46933
134401    299.397    1.46923
134501    299.645    1.46924
134601    299.898    1.46931
134701    300.163    1.46945
134801    300.42    1.46958
134901    300.615    1.46958
135001    300.857    1.46964
135101    301.086    1.46983
135201    301.307    1.46993
135301    301.55    1.46993
135401    301.794    1.46977
135501    302    1.46989
135601    302.202    1.46978
135701    302.426    1.46986
135801    302.688    1.46997
135901    302.926    1.47021
136001    303.163    1.47012
136101    303.428    1.47016
136201    303.61    1.47012
136301    303.808    1.47021
136401    304.09    1.4701
136501    304.281    1.47023
136601    304.547    1.47016
136701    304.79    1.47013
136801    304.994    1.47012
136901    305.27    1.4702
137001    305.495    1.47026
137101    305.719    1.47023
137201    305.975    1.47018
137301    306.141    1.47022
137401    306.393    1.47011
137501    306.676    1.47003
137601    306.861    1.46988
137701    307.109    1.46978
137801    307.341    1.4697
137901    307.62    1.46965
138001    307.85    1.4696
138101    308.098    1.46945
138201    308.32    1.46954
138301    308.522    1.4696
138401    308.781    1.4696
138501    309.029    1.46965
138601    309.266    1.46965
138701    309.536    1.46975
138801    309.767    1.46985
138901    310.006    1.46995
139001    310.273    1.46995
139101    310.519    1.46997
139201    310.768    1.47013
139301    311.036    1.47019
139401    311.329    1.47029
139501    311.549    1.47024
139601    311.794    1.47016
139701    311.983    1.47024
139801    312.199    1.47025
139901    312.365    1.47027
140001    312.592    1.47025
140101    312.829    1.47033
140201    313.078    1.47037
140301    313.318    1.47033
140401    313.51    1.47037
140501    313.737    1.47041
140601    313.967    1.47032
140701    314.215    1.47039
140801    314.409    1.47032
140901    314.586    1.47045
141001    314.817    1.47041
141101    315.077    1.47059
141201    315.297    1.47063
141301    315.538    1.47074
141401    315.74    1.47076
141501    315.918    1.47068
141601    316.097    1.47067
141701    316.325    1.47069
141801    316.533    1.47074
141901    316.8    1.4706
142001    317.055    1.47058
142101    317.245    1.47045
142201    317.466    1.47032
142301    317.721    1.4702
142401    317.977    1.47031
142501    318.227    1.47028
142601    318.39    1.4702
142701    318.608    1.47017
142801    318.843    1.47013
142901    319.101    1.47
143001    319.33    1.4699
143101    319.558    1.47
143201    319.831    1.46979
143301    320.065    1.46983
143401    320.235    1.4698
143501    320.397    1.4699
143601    320.641    1.46987
143701    320.903    1.46984
143801    321.078    1.46992
143901    321.287    1.46987
144001    321.544    1.46994
144101    321.745    1.46996
144201    321.995    1.47012
144301    322.253    1.47013
144401    322.481    1.47015
144501    322.721    1.47027
144601    322.968    1.47025
144701    323.238    1.47042
144801    323.484    1.47036
144901    323.673    1.47034
145001    323.886    1.47034
145101    324.11    1.47042
145201    324.326    1.47046
145301    324.558    1.47041
145401    324.783    1.47045
145501    324.943    1.4703
145601    325.163    1.47036
145701    325.42    1.47031
145801    325.653    1.47033
145901    325.873    1.47052
146001    326.075    1.47053
146101    326.31    1.47067
146201    326.506    1.47066
146301    326.745    1.47067
146401    327.033    1.47068
146501    327.28    1.47073
146601    327.54    1.4707
146701    327.806    1.47075
146801    328.049    1.4709
146901    328.28    1.47082
147001    328.501    1.47074
147101    328.675    1.47076
147201    328.937    1.4707
147301    329.181    1.47054
147401    329.38    1.47052
147501    329.615    1.47049
147601    329.845    1.4706
147701    330.122    1.47065
147801    330.312    1.47052
147901    330.58    1.47054
148001    330.816    1.47049
