1    0.002944    1.93761
101    0.242176    1.86606
201    0.497792    1.86571
301    0.717824    1.88343
401    0.910976    1.87335
501    1.17133    1.88153
601    1.4281    1.84796
701    1.67232    1.86804
801    1.8697    1.87864
901    2.12646    1.8919
1001    2.39014    1.91034
1101    2.64461    1.8891
1201    2.86528    1.89724
1301    3.11437    1.87658
1401    3.39213    1.87366
1501    3.60781    1.86003
1601    3.87085    1.86056
1701    4.10445    1.85241
1801    4.34355    1.85628
1901    4.56179    1.85315
2001    4.8215    1.84735
2101    5.07494    1.84408
2201    5.30854    1.85026
2301    5.47725    1.85414
2401    5.67283    1.84591
2501    5.9552    1.83669
2601    6.176    1.83512
2701    6.43174    1.83762
2801    6.624    1.83303
2901    6.84979    1.82906
3001    7.12115    1.82987
3101    7.36115    1.82267
3201    7.53101    1.82462
3301    7.76896    1.82866
3401    7.98157    1.82671
3501    8.15872    1.83091
3601    8.32384    1.82624
3701    8.49408    1.8298
3801    8.73357    1.83268
3901    8.98509    1.83042
4001    9.18259    1.8282
4101    9.37344    1.83015
4201    9.55482    1.83308
4301    9.7975    1.83142
4401    10.0169    1.82619
4501    10.1971    1.82817
4601    10.4029    1.81933
4701    10.6386    1.82496
4801    10.8573    1.82454
4901    11.1058    1.82786
5001    11.3791    1.82984
5101    11.5758    1.82853
5201    11.7555    1.82317
5301    12.0379    1.82004
5401    12.2435    1.82126
5501    12.4646    1.82055
5601    12.635    1.82092
5701    12.8428    1.81906
5801    13.0742    1.8184
5901    13.2865    1.82054
6001    13.479    1.81914
6101    13.6497    1.8194
6201    13.8109    1.81916
6301    14.0268    1.8209
6401    14.2409    1.82528
6501    14.4408    1.82777
6601    14.6637    1.83053
6701    14.8705    1.83006
6801    15.1131    1.83165
6901    15.3792    1.83124
7001    15.6316    1.83021
7101    15.8086    1.83039
7201    15.969    1.82779
7301    16.145    1.83051
7401    16.3099    1.83218
7501    16.5466    1.83478
7601    16.7313    1.83299
7701    16.9526    1.83468
7801    17.2122    1.8363
7901    17.4102    1.83492
8001    17.6462    1.83571
8101    17.886    1.83741
8201    18.1454    1.8338
8301    18.3537    1.8358
8401    18.5928    1.83647
8501    18.8498    1.83687
8601    19.0781    1.8373
8701    19.3091    1.83416
8801    19.557    1.8333
8901    19.8149    1.83339
9001    20.0668    1.82967
9101    20.2798    1.82821
9201    20.5175    1.82639
9301    20.729    1.82681
9401    20.9559    1.82718
9501    21.216    1.82718
9601    21.4515    1.8255
9701    21.7175    1.82548
9801    21.9681    1.82367
9901    22.1949    1.8232
10001    22.432    1.82358
10101    22.6803    1.82345
10201    22.9416    1.82365
10301    23.209    1.82284
10401    23.4563    1.82
10501    23.7    1.81805
10601    23.9447    1.81999
10701    24.197    1.82119
10801    24.4703    1.8214
10901    24.7443    1.82107
11001    24.969    1.81956
11101    25.1881    1.8208
11201    25.4463    1.81905
11301    25.6946    1.82025
11401    25.927    1.81972
11501    26.1276    1.82093
11601    26.347    1.82212
11701    26.5367    1.82293
11801    26.7514    1.82395
11901    26.9715    1.8248
12001    27.1707    1.82502
12101    27.4368    1.82399
12201    27.6765    1.8245
12301    27.9036    1.82191
12401    28.0996    1.82293
12501    28.3199    1.82404
12601    28.5514    1.82278
12701    28.7741    1.82257
12801    28.9642    1.82392
12901    29.2106    1.82447
13001    29.4739    1.82538
13101    29.6987    1.82601
13201    29.9164    1.82685
13301    30.0832    1.82609
13401    30.3247    1.82726
13501    30.586    1.82843
13601    30.8433    1.82922
13701    31.0241    1.83027
13801    31.2595    1.82988
13901    31.4921    1.83019
14001    31.7402    1.83121
14101    31.9628    1.83258
14201    32.2053    1.83239
14301    32.4526    1.83413
14401    32.6474    1.8342
14501    32.855    1.83362
14601    33.0205    1.83161
14701    33.215    1.83062
14801    33.4051    1.83176
14901    33.5845    1.83244
15001    33.7645    1.8319
15101    33.9749    1.83312
15201    34.2022    1.83426
15301    34.4037    1.83575
15401    34.6153    1.83546
15501    34.8507    1.83405
15601    35.0532    1.83339
15701    35.3011    1.83382
15801    35.5596    1.83416
15901    35.7495    1.83448
16001    35.9738    1.83449
16101    36.1833    1.83491
16201    36.4198    1.83508
16301    36.6629    1.8356
16401    36.8975    1.83545
16501    37.1672    1.8349
16601    37.4081    1.83457
16701    37.6334    1.83348
16801    37.8364    1.83331
16901    38.0415    1.83336
17001    38.2824    1.83254
17101    38.5669    1.83283
17201    38.8458    1.83231
17301    39.1274    1.83156
17401    39.409    1.83256
17501    39.6125    1.8328
17601    39.856    1.83343
17701    40.0774    1.83289
17801    40.3369    1.83288
17901    40.5134    1.83186
18001    40.7245    1.8306
18101    40.9279    1.83024
18201    41.0971    1.83106
18301    41.2996    1.83164
18401    41.5174    1.83034
18501    41.7477    1.82978
18601    41.9776    1.82983
18701    42.2287    1.83069
18801    42.4643    1.83065
18901    42.6671    1.83095
19001    42.8878    1.8308
19101    43.087    1.83072
19201    43.2904    1.8314
19301    43.4813    1.83131
19401    43.6765    1.832
19501    43.8508    1.83246
19601    44.0854    1.83217
19701    44.3341    1.83081
19801    44.6015    1.83033
19901    44.761    1.8298
20001    44.987    1.82987
20101    45.2017    1.83028
20201    45.4144    1.83064
20301    45.6507    1.83121
20401    45.9171    1.83251
20501    46.1394    1.83227
20601    46.3412    1.83308
20701    46.5057    1.83249
20801    46.7606    1.83182
20901    46.9467    1.8317
21001    47.1768    1.83225
21101    47.4282    1.83266
21201    47.669    1.83276
21301    47.8358    1.83403
21401    48.0591    1.83334
21501    48.3021    1.83332
21601    48.5449    1.83322
21701    48.7886    1.83277
21801    49.0154    1.83265
21901    49.2114    1.83321
22001    49.4525    1.83311
22101    49.6975    1.83271
22201    49.8947    1.83236
22301    50.0778    1.83194
22401    50.2836    1.83248
22501    50.4512    1.83317
22601    50.6781    1.83356
22701    50.8463    1.83234
22801    51.0573    1.83212
22901    51.2754    1.8324
23001    51.5027    1.83179
23101    51.7472    1.83246
23201    51.9831    1.83276
23301    52.2454    1.83331
23401    52.4931    1.83341
23501    52.7203    1.83258
23601    52.9478    1.83308
23701    53.1905    1.83341
23801    53.4441    1.83333
23901    53.6534    1.83403
24001    53.8317    1.83509
24101    54.0069    1.83548
24201    54.193    1.83517
24301    54.4088    1.83437
24401    54.6513    1.83432
24501    54.8439    1.83471
24601    55.1052    1.83389
24701    55.3312    1.83411
24801    55.6168    1.83466
24901    55.8257    1.8351
25001    56.049    1.83504
25101    56.2679    1.83527
25201    56.4543    1.83553
25301    56.6319    1.83613
25401    56.8938    1.83517
25501    57.1796    1.83541
25601    57.3792    1.83521
25701    57.5756    1.83518
25801    57.7846    1.83436
25901    57.9884    1.83509
26001    58.2138    1.83529
26101    58.3837    1.83539
26201    58.5486    1.83571
26301    58.7552    1.83686
26401    58.9865    1.83698
26501    59.2516    1.83749
26601    59.5072    1.83775
26701    59.7148    1.83825
26801    59.9722    1.83763
26901    60.201    1.83824
27001    60.4608    1.83837
27101    60.6834    1.83918
27201    60.8676    1.83958
27301    61.0209    1.83952
27401    61.2669    1.83932
27501    61.5199    1.83887
27601    61.6756    1.8389
27701    61.8999    1.83846
27801    62.087    1.83841
27901    62.2925    1.83857
28001    62.5286    1.83948
28101    62.7532    1.83865
28201    63.0136    1.83918
28301    63.2123    1.83932
28401    63.4657    1.8387
28501    63.633    1.83874
28601    63.85    1.83925
28701    64.1082    1.83963
28801    64.3146    1.84003
28901    64.523    1.84026
29001    64.7558    1.84066
29101    65.0138    1.8411
29201    65.2641    1.84176
29301    65.473    1.84204
29401    65.7198    1.84242
29501    65.9491    1.84192
29601    66.1087    1.84263
29701    66.3411    1.84292
29801    66.5972    1.84203
29901    66.7878    1.84224
30001    66.9633    1.84216
30101    67.2106    1.84281
30201    67.3956    1.84327
30301    67.6435    1.84343
30401    67.8254    1.84363
30501    68.1005    1.84345
30601    68.3598    1.84342
30701    68.5596    1.84387
30801    68.7762    1.84437
30901    69.0145    1.84482
31001    69.2612    1.84503
31101    69.4868    1.8448
31201    69.7385    1.84469
31301    69.9931    1.84395
31401    70.1866    1.84416
31501    70.3702    1.84415
31601    70.5458    1.84401
31701    70.7251    1.84349
31801    70.9357    1.84367
31901    71.1962    1.84355
32001    71.3601    1.84326
32101    71.5656    1.84387
32201    71.7614    1.84423
32301    71.9939    1.84428
32401    72.2118    1.84464
32501    72.4603    1.84454
32601    72.6572    1.84443
32701    72.8284    1.84484
32801    73.0372    1.84405
32901    73.2573    1.84417
33001    73.4842    1.84483
33101    73.7042    1.84516
33201    73.9078    1.8457
33301    74.0893    1.84602
33401    74.3217    1.84577
33501    74.4979    1.84613
33601    74.693    1.84678
33701    74.8806    1.84722
33801    75.0653    1.84667
33901    75.3019    1.84703
34001    75.5491    1.84681
34101    75.7294    1.84656
34201    75.9236    1.84675
34301    76.1603    1.84682
34401    76.3727    1.84702
34501    76.5679    1.84657
34601    76.7958    1.84589
34701    76.9646    1.84594
34801    77.1433    1.84614
34901    77.3956    1.84599
35001    77.5668    1.84614
35101    77.7284    1.84634
35201    77.9186    1.84601
35301    78.139    1.8458
35401    78.3982    1.84536
35501    78.6477    1.84563
35601    78.9024    1.84532
35701    79.1447    1.8451
35801    79.3582    1.84547
35901    79.5517    1.84554
36001    79.7902    1.84583
36101    80    1.84623
36201    80.26    1.84593
36301    80.4475    1.84663
36401    80.6303    1.84681
36501    80.795    1.84671
36601    80.9585    1.84709
36701    81.1741    1.84697
36801    81.3563    1.84712
36901    81.5476    1.84727
37001    81.7576    1.84668
37101    81.9466    1.84702
37201    82.1451    1.84679
37301    82.4003    1.84635
37401    82.6693    1.84658
37501    82.897    1.84711
37601    83.1144    1.84668
37701    83.4016    1.84626
37801    83.6428    1.84573
37901    83.8688    1.84587
38001    84.0806    1.84523
38101    84.3183    1.84474
38201    84.5677    1.84414
38301    84.8284    1.84355
38401    85.0719    1.84371
38501    85.2571    1.8437
38601    85.5022    1.84407
38701    85.7801    1.84407
38801    85.9681    1.84388
38901    86.1889    1.84415
39001    86.3894    1.84436
39101    86.6001    1.84418
39201    86.8115    1.84335
39301    86.9709    1.84327
39401    87.1631    1.84296
39501    87.407    1.84238
39601    87.6236    1.84236
39701    87.8026    1.84259
39801    87.9977    1.84299
39901    88.1709    1.84275
40001    88.4375    1.84297
40101    88.6877    1.84322
40201    88.9373    1.84281
40301    89.1707    1.84312
40401    89.396    1.84351
40501    89.5674    1.84371
40601    89.8176    1.84408
40701    90.0131    1.84425
40801    90.2309    1.84453
40901    90.3971    1.84489
41001    90.6301    1.84448
41101    90.8518    1.8445
41201    91.0753    1.84452
41301    91.2911    1.84482
41401    91.4857    1.84483
41501    91.6713    1.8446
41601    91.9055    1.84491
41701    92.1536    1.84545
41801    92.3793    1.84493
41901    92.6548    1.84434
42001    92.8869    1.84422
42101    93.1075    1.84379
42201    93.3737    1.84396
42301    93.6406    1.84429
42401    93.9094    1.84474
42501    94.1556    1.84503
42601    94.3908    1.84498
42701    94.6429    1.84459
42801    94.816    1.84439
42901    95.055    1.84462
43001    95.3123    1.84462
43101    95.5535    1.84388
43201    95.7482    1.84367
43301    95.9297    1.84307
43401    96.148    1.84274
43501    96.3191    1.84225
43601    96.5279    1.84257
43701    96.6853    1.84284
43801    96.9303    1.84262
43901    97.1706    1.84232
44001    97.3672    1.84206
44101    97.5763    1.8424
44201    97.8272    1.84282
44301    98.0333    1.84239
44401    98.2669    1.84276
44501    98.5243    1.84303
44601    98.7745    1.84309
44701    99.0545    1.84356
44801    99.2326    1.84392
44901    99.4816    1.84423
45001    99.7549    1.84413
45101    99.9592    1.84441
45201    100.12    1.84381
45301    100.37    1.84322
45401    100.589    1.84334
45501    100.755    1.84339
45601    100.93    1.8426
45701    101.176    1.84218
45801    101.377    1.84223
45901    101.597    1.8421
46001    101.755    1.84221
46101    101.905    1.84214
46201    102.094    1.84174
46301    102.329    1.84209
46401    102.481    1.84223
46501    102.669    1.84257
46601    102.894    1.8429
46701    103.129    1.8428
46801    103.358    1.84307
46901    103.562    1.84357
47001    103.804    1.84348
47101    103.982    1.84344
47201    104.187    1.84311
47301    104.441    1.84343
47401    104.595    1.84351
47501    104.813    1.84383
47601    105.028    1.84429
47701    105.248    1.84478
47801    105.466    1.84513
47901    105.631    1.84477
48001    105.817    1.84511
48101    106.013    1.84504
48201    106.286    1.84506
48301    106.554    1.84529
48401    106.853    1.84573
48501    107.106    1.84533
48601    107.371    1.84572
48701    107.611    1.84563
48801    107.788    1.84573
48901    107.972    1.8457
49001    108.228    1.84567
49101    108.483    1.84544
49201    108.756    1.84563
49301    109.007    1.84586
49401    109.275    1.84625
49501    109.504    1.84658
49601    109.765    1.84646
49701    110.035    1.84571
49801    110.277    1.84605
49901    110.525    1.84608
50001    110.714    1.84605
50101    110.883    1.84635
50201    111.043    1.84575
50301    111.255    1.84563
50401    111.503    1.84589
50501    111.766    1.84535
50601    111.981    1.8448
50701    112.189    1.84521
50801    112.423    1.84553
50901    112.607    1.84557
51001    112.808    1.8458
51101    113.031    1.8461
51201    113.233    1.84632
51301    113.45    1.84614
51401    113.684    1.84651
51501    113.876    1.8466
51601    114.084    1.84672
51701    114.297    1.84683
51801    114.544    1.84681
51901    114.753    1.84635
52001    114.981    1.8464
52101    115.149    1.84665
52201    115.308    1.84663
52301    115.493    1.84679
52401    115.746    1.84706
52501    115.993    1.84741
52601    116.211    1.84694
52701    116.43    1.84743
52801    116.654    1.84746
52901    116.876    1.84709
53001    117.058    1.84735
53101    117.303    1.8472
53201    117.542    1.847
53301    117.77    1.84734
53401    117.992    1.84721
53501    118.212    1.84758
53601    118.463    1.84736
53701    118.711    1.84737
53801    118.878    1.84762
53901    119.084    1.84732
54001    119.314    1.84737
54101    119.55    1.84734
54201    119.785    1.84698
54301    119.99    1.8466
54401    120.193    1.84681
54501    120.423    1.84685
54601    120.652    1.84731
54701    120.85    1.84724
54801    121.005    1.84691
54901    121.244    1.84721
55001    121.45    1.84763
55101    121.721    1.84755
55201    121.929    1.8479
55301    122.15    1.84768
55401    122.347    1.84781
55501    122.543    1.84739
55601    122.702    1.84781
55701    122.882    1.84768
55801    123.067    1.84728
55901    123.248    1.84738
56001    123.489    1.84731
56101    123.678    1.84769
56201    123.932    1.8478
56301    124.175    1.8474
56401    124.4    1.84698
56501    124.657    1.84644
56601    124.881    1.84625
56701    125.113    1.84595
56801    125.345    1.84609
56901    125.528    1.84625
57001    125.772    1.84564
57101    125.95    1.84556
57201    126.243    1.84568
57301    126.491    1.84554
57401    126.711    1.84555
57501    126.924    1.84551
57601    127.161    1.84554
57701    127.394    1.84571
57801    127.627    1.84584
57901    127.871    1.84589
58001    128.123    1.84593
58101    128.395    1.84544
58201    128.652    1.84564
58301    128.922    1.84518
58401    129.127    1.84551
58501    129.341    1.84566
58601    129.578    1.84563
58701    129.786    1.84566
58801    130.044    1.84585
58901    130.321    1.84546
59001    130.599    1.84551
59101    130.832    1.84526
59201    131.081    1.8455
59301    131.308    1.8458
59401    131.545    1.84602
59501    131.8    1.84637
59601    132.024    1.84648
59701    132.275    1.8465
59801    132.537    1.84698
59901    132.754    1.84667
60001    132.944    1.84671
60101    133.158    1.84648
60201    133.39    1.84661
60301    133.664    1.84658
60401    133.897    1.84643
60501    134.133    1.84666
60601    134.364    1.8467
60701    134.558    1.84654
60801    134.73    1.84666
60901    134.926    1.84696
61001    135.108    1.84667
61101    135.283    1.84673
61201    135.465    1.84671
61301    135.655    1.84654
61401    135.924    1.8467
61501    136.14    1.84685
61601    136.354    1.84644
61701    136.607    1.84645
61801    136.827    1.84647
61901    137.025    1.84651
62001    137.267    1.84616
62101    137.484    1.84647
62201    137.649    1.84621
62301    137.837    1.84577
62401    138.073    1.84559
62501    138.258    1.84549
62601    138.422    1.84549
62701    138.606    1.8456
62801    138.782    1.84543
62901    138.969    1.8455
63001    139.153    1.84556
63101    139.341    1.84519
63201    139.563    1.84498
63301    139.751    1.84475
63401    139.941    1.84509
63501    140.163    1.8449
63601    140.385    1.84511
63701    140.54    1.84475
63801    140.702    1.84492
63901    140.922    1.84517
64001    141.095    1.84529
64101    141.299    1.84544
64201    141.466    1.84571
64301    141.626    1.84566
64401    141.823    1.84557
64501    142.038    1.84576
64601    142.238    1.84577
64701    142.445    1.8459
64801    142.629    1.84617
64901    142.79    1.84604
65001    143.034    1.8461
65101    143.238    1.84641
65201    143.42    1.84604
65301    143.595    1.84578
65401    143.828    1.84599
65501    144.019    1.84592
65601    144.25    1.84607
65701    144.435    1.84568
65801    144.632    1.84552
65901    144.792    1.84522
66001    144.96    1.84506
66101    145.132    1.84489
66201    145.313    1.84508
66301    145.474    1.84473
66401    145.663    1.84482
66501    145.859    1.84497
66601    146.046    1.84489
66701    146.207    1.84454
66801    146.383    1.84477
66901    146.596    1.84475
67001    146.848    1.84484
67101    147.04    1.84499
67201    147.214    1.8447
67301    147.415    1.84506
67401    147.614    1.8453
67501    147.846    1.84535
67601    148.076    1.84547
67701    148.28    1.84561
67801    148.547    1.8458
67901    148.751    1.84591
68001    148.969    1.84578
68101    149.233    1.84597
68201    149.42    1.84613
68301    149.598    1.84617
68401    149.82    1.84637
68501    150.001    1.84638
68601    150.191    1.84629
68701    150.444    1.84639
68801    150.68    1.84627
68901    150.865    1.84605
69001    151.083    1.84629
69101    151.324    1.84611
69201    151.556    1.84622
69301    151.825    1.84633
69401    152.081    1.84638
69501    152.336    1.84659
69601    152.596    1.84621
69701    152.861    1.84635
69801    153.099    1.84627
69901    153.364    1.84637
70001    153.629    1.84638
70101    153.88    1.84634
70201    154.151    1.84615
70301    154.42    1.84595
70401    154.645    1.84589
70501    154.812    1.84612
70601    155.012    1.84589
70701    155.258    1.8461
70801    155.455    1.84584
70901    155.663    1.84575
71001    155.894    1.84551
71101    156.086    1.84549
71201    156.254    1.8453
71301    156.415    1.84555
71401    156.591    1.84592
71501    156.805    1.8455
71601    157.035    1.84564
71701    157.232    1.84547
71801    157.414    1.84521
71901    157.668    1.84521
72001    157.915    1.84512
72101    158.171    1.84502
72201    158.418    1.84481
72301    158.695    1.84496
72401    158.924    1.84498
72501    159.143    1.84516
72601    159.381    1.84498
72701    159.588    1.84531
72801    159.82    1.84544
72901    160.028    1.84522
73001    160.202    1.84505
73101    160.407    1.84478
73201    160.619    1.84492
73301    160.795    1.84497
73401    161.029    1.84517
73501    161.244    1.84516
73601    161.423    1.84497
73701    161.668    1.84513
73801    161.889    1.84509
73901    162.092    1.84472
74001    162.362    1.84496
74101    162.581    1.84498
74201    162.783    1.84484
74301    162.953    1.84434
74401    163.128    1.8444
74501    163.383    1.84401
74601    163.583    1.84344
74701    163.796    1.84365
74801    163.964    1.84365
74901    164.153    1.84368
75001    164.41    1.84361
75101    164.658    1.84364
75201    164.851    1.84344
75301    165.094    1.84316
75401    165.292    1.84314
75501    165.52    1.84293
75601    165.761    1.84283
75701    165.998    1.84315
75801    166.256    1.84313
75901    166.512    1.84296
76001    166.75    1.843
76101    167.018    1.84304
76201    167.287    1.84307
76301    167.553    1.84318
76401    167.728    1.8433
76501    167.93    1.84311
76601    168.198    1.84321
76701    168.456    1.84305
76801    168.65    1.84299
76901    168.856    1.84289
77001    169.092    1.84304
77101    169.322    1.84334
77201    169.587    1.84316
77301    169.811    1.84314
77401    170.055    1.843
77501    170.306    1.84297
77601    170.559    1.8432
77701    170.754    1.84348
77801    170.943    1.84366
77901    171.113    1.84379
78001    171.333    1.84392
78101    171.598    1.84384
78201    171.83    1.84354
78301    172.064    1.84377
78401    172.34    1.84361
78501    172.589    1.8436
78601    172.845    1.84373
78701    173.067    1.84342
78801    173.295    1.84303
78901    173.538    1.84287
79001    173.818    1.84292
79101    174.053    1.84271
79201    174.31    1.84266
79301    174.561    1.84289
79401    174.817    1.84304
79501    175.082    1.84291
79601    175.315    1.84262
79701    175.575    1.84235
79801    175.8    1.84236
79901    175.989    1.84263
80001    176.205    1.84274
80101    176.434    1.84267
80201    176.696    1.84271
80301    176.936    1.84286
80401    177.093    1.84289
80501    177.249    1.84266
80601    177.494    1.84272
80701    177.684    1.84279
80801    177.914    1.84295
80901    178.155    1.84297
81001    178.379    1.84295
81101    178.617    1.84319
81201    178.783    1.84348
81301    178.991    1.84329
81401    179.224    1.84339
81501    179.394    1.84311
81601    179.625    1.84287
81701    179.867    1.84301
81801    180.118    1.8431
81901    180.375    1.84295
82001    180.57    1.84263
82101    180.814    1.84279
82201    181.065    1.84284
82301    181.292    1.8427
82401    181.532    1.84289
82501    181.724    1.84312
82601    181.931    1.84293
82701    182.131    1.84277
82801    182.29    1.84263
82901    182.512    1.84238
83001    182.747    1.84222
83101    182.987    1.84231
83201    183.184    1.84213
83301    183.408    1.84195
83401    183.65    1.84221
83501    183.832    1.84238
83601    184.06    1.84233
83701    184.261    1.84202
83801    184.508    1.84188
83901    184.704    1.84165
84001    184.947    1.84146
84101    185.217    1.84139
84201    185.455    1.84131
84301    185.714    1.84087
84401    185.954    1.84105
84501    186.147    1.84123
84601    186.377    1.84094
84701    186.605    1.8408
84801    186.825    1.84103
84901    187.031    1.84119
85001    187.23    1.84136
85101    187.449    1.84154
85201    187.7    1.84138
85301    187.921    1.84125
85401    188.086    1.84104
85501    188.288    1.84113
85601    188.45    1.84096
85701    188.674    1.84073
85801    188.864    1.84065
85901    189.058    1.8406
86001    189.221    1.84079
86101    189.478    1.84082
86201    189.718    1.84068
86301    189.952    1.84057
86401    190.16    1.8405
86501    190.395    1.84047
86601    190.629    1.84056
86701    190.873    1.84046
86801    191.107    1.84057
86901    191.381    1.84053
87001    191.626    1.84071
87101    191.883    1.84091
87201    192.129    1.84102
87301    192.377    1.84108
87401    192.634    1.84116
87501    192.875    1.84114
87601    193.141    1.84098
87701    193.407    1.84124
87801    193.672    1.84138
87901    193.933    1.8414
88001    194.113    1.84148
88101    194.383    1.84153
88201    194.655    1.84144
88301    194.898    1.84166
88401    195.133    1.8414
88501    195.305    1.84163
88601    195.526    1.8417
88701    195.743    1.84141
88801    195.951    1.84156
88901    196.171    1.84155
89001    196.399    1.84177
89101    196.653    1.84177
89201    196.851    1.84172
89301    197.062    1.8417
89401    197.294    1.84182
89501    197.516    1.84187
89601    197.699    1.84218
89701    197.887    1.84214
89801    198.07    1.84231
89901    198.297    1.84239
90001    198.491    1.84222
90101    198.669    1.84211
90201    198.881    1.84207
90301    199.083    1.84236
90401    199.26    1.84253
90501    199.474    1.84264
90601    199.657    1.8426
90701    199.829    1.84238
90801    200.034    1.84222
90901    200.294    1.84248
91001    200.546    1.84221
91101    200.764    1.84228
91201    200.993    1.84243
91301    201.227    1.84231
91401    201.389    1.84253
91501    201.629    1.84273
91601    201.82    1.84271
91701    201.974    1.8426
91801    202.184    1.8427
91901    202.46    1.84277
92001    202.723    1.84277
92101    202.957    1.84298
92201    203.203    1.84299
92301    203.4    1.843
92401    203.628    1.84329
92501    203.877    1.84344
92601    204.095    1.84352
92701    204.331    1.84358
92801    204.499    1.84379
92901    204.702    1.84388
93001    204.864    1.84384
93101    205.051    1.84407
93201    205.248    1.84423
93301    205.484    1.8441
93401    205.72    1.84399
93501    205.977    1.84382
93601    206.226    1.84391
93701    206.493    1.84398
93801    206.748    1.84404
93901    207.006    1.84403
94001    207.231    1.84428
94101    207.504    1.84439
94201    207.757    1.84425
94301    208.001    1.84437
94401    208.182    1.84431
94501    208.382    1.84442
94601    208.548    1.84433
94701    208.736    1.84449
94801    208.903    1.84465
94901    209.093    1.84474
95001    209.303    1.84446
95101    209.463    1.84452
95201    209.679    1.84435
95301    209.89    1.84427
95401    210.129    1.84405
95501    210.321    1.84421
95601    210.53    1.84425
95701    210.735    1.844
95801    211.013    1.84375
95901    211.27    1.84367
96001    211.52    1.84357
96101    211.768    1.84349
96201    211.968    1.84322
96301    212.153    1.84314
96401    212.386    1.84307
96501    212.601    1.84322
96601    212.765    1.84337
96701    212.949    1.84341
96801    213.135    1.84339
96901    213.364    1.84325
97001    213.591    1.84337
97101    213.785    1.84352
97201    213.961    1.84348
97301    214.141    1.84351
97401    214.355    1.8436
97501    214.527    1.84354
97601    214.723    1.84369
97701    214.948    1.84391
97801    215.185    1.84398
97901    215.417    1.84385
98001    215.643    1.84384
98101    215.877    1.8435
98201    216.122    1.84356
98301    216.354    1.84361
98401    216.577    1.84371
98501    216.861    1.84396
98601    217.079    1.8437
98701    217.272    1.84361
98801    217.525    1.84377
98901    217.756    1.84347
99001    218.01    1.84338
99101    218.263    1.84358
99201    218.514    1.84357
99301    218.773    1.8435
99401    219.005    1.84373
99501    219.188    1.84344
99601    219.417    1.84351
99701    219.662    1.84361
99801    219.857    1.84367
99901    220.031    1.84381
100001    220.303    1.84397
100101    220.494    1.84394
100201    220.73    1.84395
100301    220.915    1.84391
100401    221.129    1.84376
100501    221.336    1.84393
100601    221.525    1.84407
100701    221.78    1.84408
100801    222.017    1.84432
100901    222.169    1.84425
101001    222.325    1.84425
101101    222.534    1.84435
101201    222.706    1.84457
101301    222.949    1.84456
101401    223.14    1.84474
101501    223.305    1.84453
101601    223.485    1.84439
101701    223.706    1.8444
101801    223.911    1.84416
101901    224.155    1.84426
102001    224.342    1.84413
102101    224.518    1.84403
102201    224.699    1.84397
102301    224.873    1.84403
102401    225.029    1.84406
102501    225.226    1.8441
102601    225.5    1.84404
102701    225.738    1.84375
102801    225.924    1.84358
102901    226.083    1.84351
103001    226.283    1.84334
103101    226.53    1.84349
103201    226.748    1.84341
103301    226.98    1.84341
103401    227.191    1.84328
103501    227.421    1.84337
103601    227.668    1.84348
103701    227.9    1.84344
103801    228.154    1.84327
103901    228.309    1.84336
104001    228.503    1.84345
104101    228.712    1.84339
104201    228.951    1.8431
104301    229.165    1.84328
104401    229.397    1.84309
104501    229.572    1.84294
104601    229.746    1.84312
104701    229.958    1.84294
104801    230.168    1.84284
104901    230.343    1.84285
105001    230.569    1.84265
105101    230.807    1.84283
105201    231.015    1.84285
105301    231.193    1.84289
105401    231.44    1.84278
105501    231.699    1.84285
105601    231.862    1.84273
105701    232.134    1.8428
105801    232.312    1.84294
105901    232.467    1.84279
106001    232.604    1.84291
106101    232.772    1.84278
106201    233.042    1.84267
106301    233.218    1.84283
106401    233.392    1.8427
106501    233.572    1.84264
106601    233.764    1.84268
106701    233.966    1.84249
106801    234.194    1.84264
106901    234.451    1.84276
107001    234.686    1.84272
107101    234.865    1.8426
107201    235.045    1.84259
107301    235.257    1.84238
107401    235.487    1.84256
107501    235.739    1.84248
107601    235.927    1.84265
107701    236.119    1.84263
107801    236.3    1.84272
107901    236.469    1.84253
108001    236.668    1.84255
108101    236.909    1.84242
108201    237.153    1.84257
108301    237.396    1.84268
108401    237.556    1.84277
108501    237.753    1.84289
108601    238.028    1.84283
108701    238.264    1.84294
108801    238.441    1.84289
108901    238.635    1.843
109001    238.864    1.84301
109101    239.056    1.84283
109201    239.288    1.84292
109301    239.481    1.84267
109401    239.684    1.84284
109501    239.916    1.8428
109601    240.147    1.84268
109701    240.328    1.84256
109801    240.519    1.84277
109901    240.704    1.84294
110001    240.933    1.84288
110101    241.221    1.84271
110201    241.445    1.84286
110301    241.65    1.84267
110401    241.849    1.84238
110501    242.08    1.84211
110601    242.316    1.84198
110701    242.565    1.84203
110801    242.772    1.84218
110901    242.974    1.84236
111001    243.157    1.84226
111101    243.335    1.84208
111201    243.514    1.84187
111301    243.741    1.84186
111401    243.995    1.84189
111501    244.181    1.84183
111601    244.353    1.84187
111701    244.583    1.84169
111801    244.782    1.84147
111901    245.022    1.84137
112001    245.265    1.84122
112101    245.428    1.84136
112201    245.647    1.84126
112301    245.906    1.84112
112401    246.148    1.84123
112501    246.414    1.84126
112601    246.677    1.84117
112701    246.943    1.84134
112801    247.185    1.84139
112901    247.432    1.84147
113001    247.69    1.84138
113101    247.941    1.84149
113201    248.175    1.84156
113301    248.418    1.84142
113401    248.678    1.8413
113501    248.9    1.84136
113601    249.148    1.84126
113701    249.39    1.84113
113801    249.641    1.84096
113901    249.804    1.84098
114001    250.017    1.84086
114101    250.217    1.8408
114201    250.415    1.84071
114301    250.643    1.84078
114401    250.86    1.84067
114501    251.065    1.84073
114601    251.329    1.84049
114701    251.566    1.84038
114801    251.818    1.84019
114901    252.09    1.83993
115001    252.363    1.83996
115101    252.536    1.84013
115201    252.784    1.84016
115301    252.982    1.84034
115401    253.162    1.8402
115501    253.393    1.84033
115601    253.565    1.84044
115701    253.789    1.8405
115801    254.049    1.84068
115901    254.284    1.84059
116001    254.537    1.84048
116101    254.807    1.84029
116201    255.033    1.84049
116301    255.216    1.84042
116401    255.454    1.84033
116501    255.716    1.84045
116601    255.962    1.8404
116701    256.219    1.84026
116801    256.491    1.8404
116901    256.741    1.84019
117001    256.98    1.84002
117101    257.21    1.83996
117201    257.457    1.83997
117301    257.642    1.84011
117401    257.828    1.84035
117501    258.097    1.8405
117601    258.271    1.8403
117701    258.498    1.84031
117801    258.741    1.84021
117901    258.935    1.84031
118001    259.17    1.8404
118101    259.372    1.84046
118201    259.616    1.8403
118301    259.869    1.84017
118401    260.099    1.8403
118501    260.332    1.84025
118601    260.501    1.84013
118701    260.72    1.84027
118801    260.904    1.84043
118901    261.165    1.84058
119001    261.381    1.84066
119101    261.614    1.84074
119201    261.763    1.8406
119301    261.974    1.84058
119401    262.236    1.84041
119501    262.479    1.84035
119601    262.652    1.84047
119701    262.84    1.84061
119801    263.033    1.84066
119901    263.201    1.84062
120001    263.434    1.84055
120101    263.656    1.8405
120201    263.84    1.84059
120301    264.031    1.84046
120401    264.3    1.84028
120501    264.456    1.8404
120601    264.63    1.84051
120701    264.858    1.84045
120801    265.127    1.84055
120901    265.362    1.84027
121001    265.561    1.84039
121101    265.825    1.84014
121201    266.109    1.84007
121301    266.355    1.83992
121401    266.612    1.83974
121501    266.858    1.83983
121601    267.039    1.83978
121701    267.197    1.83968
121801    267.358    1.8397
121901    267.568    1.83975
122001    267.768    1.83981
122101    267.953    1.83997
122201    268.181    1.84002
122301    268.411    1.83998
122401    268.655    1.84014
122501    268.872    1.84017
122601    269.026    1.84008
122701    269.26    1.83992
122801    269.516    1.84001
122901    269.774    1.84016
123001    270.004    1.84008
123101    270.219    1.84011
123201    270.435    1.84019
123301    270.606    1.84017
123401    270.823    1.84018
123501    271    1.8403
123601    271.191    1.84029
123701    271.44    1.84039
123801    271.665    1.84036
123901    271.932    1.84018
124001    272.166    1.84031
124101    272.376    1.84023
124201    272.602    1.84034
124301    272.793    1.84037
124401    273.026    1.84013
124501    273.226    1.84027
124601    273.4    1.84016
124701    273.57    1.84006
124801    273.792    1.84002
124901    274.053    1.84014
125001    274.272    1.84014
125101    274.484    1.84015
125201    274.745    1.84007
125301    275.018    1.84001
125401    275.284    1.83994
125501    275.534    1.84011
125601    275.774    1.83993
125701    276.026    1.83983
125801    276.191    1.83987
125901    276.362    1.83987
126001    276.633    1.84001
126101    276.837    1.84011
126201    277.069    1.84023
126301    277.271    1.84037
126401    277.543    1.84047
126501    277.766    1.84043
126601    278.032    1.8405
126701    278.279    1.84044
126801    278.547    1.84057
126901    278.796    1.84069
127001    279.079    1.84074
127101    279.353    1.84083
127201    279.611    1.84078
127301    279.845    1.84091
127401    280.093    1.84088
127501    280.253    1.84106
127601    280.499    1.84114
127701    280.707    1.84109
127801    280.955    1.8412
127901    281.131    1.84095
128001    281.385    1.84078
128101    281.562    1.84087
128201    281.755    1.84084
128301    281.981    1.84087
128401    282.231    1.84081
128501    282.389    1.84067
128601    282.629    1.84076
128701    282.775    1.84053
128801    282.999    1.84056
128901    283.218    1.8407
129001    283.465    1.84085
129101    283.699    1.84099
129201    283.875    1.84104
129301    284.088    1.84118
129401    284.324    1.8413
129501    284.515    1.84116
129601    284.721    1.841
129701    284.887    1.8408
129801    285.105    1.84091
129901    285.271    1.84111
130001    285.462    1.84107
130101    285.639    1.84118
130201    285.808    1.84116
130301    286.026    1.8412
130401    286.251    1.84127
130501    286.506    1.84104
130601    286.681    1.84112
130701    286.89    1.84126
130801    287.059    1.84112
130901    287.207    1.84117
131001    287.375    1.84124
131101    287.556    1.84104
131201    287.784    1.84103
131301    287.961    1.84114
131401    288.177    1.84124
131501    288.355    1.84129
131601    288.524    1.84139
131701    288.673    1.84134
131801    288.856    1.84117
131901    289.106    1.84124
132001    289.276    1.84114
132101    289.507    1.84095
132201    289.686    1.84088
132301    289.859    1.84082
132401    290.076    1.84079
132501    290.266    1.84068
132601    290.484    1.84055
132701    290.709    1.84066
132801    290.919    1.84072
132901    291.099    1.8409
133001    291.274    1.84091
133101    291.445    1.84082
133201    291.643    1.84061
133301    291.883    1.84075
133401    292.138    1.84079
133501    292.38    1.84071
133601    292.647    1.84083
133701    292.94    1.84073
133801    293.14    1.84065
133901    293.319    1.84062
134001    293.551    1.84069
134101    293.801    1.84048
134201    294.038    1.84038
134301    294.237    1.84024
134401    294.45    1.84026
134501    294.723    1.84034
134601    294.954    1.84047
134701    295.219    1.84044
134801    295.452    1.84058
134901    295.658    1.84069
135001    295.874    1.84071
135101    296.119    1.84085
135201    296.274    1.84092
135301    296.438    1.84079
135401    296.705    1.84066
135501    296.911    1.84055
135601    297.111    1.84064
135701    297.298    1.8407
135801    297.464    1.84081
135901    297.709    1.84099
136001    297.941    1.84102
136101    298.147    1.84089
136201    298.403    1.84098
136301    298.643    1.84108
136401    298.887    1.84106
136501    299.14    1.8408
136601    299.41    1.84066
136701    299.565    1.84078
136801    299.773    1.84073
136901    299.949    1.84075
137001    300.159    1.84066
137101    300.354    1.84074
137201    300.535    1.84072
137301    300.796    1.84076
137401    300.985    1.84065
137501    301.175    1.84064
137601    301.344    1.84061
137701    301.499    1.8405
137801    301.701    1.84052
137901    301.892    1.8405
138001    302.128    1.84023
138101    302.331    1.84018
138201    302.557    1.84018
138301    302.745    1.84016
138401    302.937    1.84011
138501    303.174    1.8401
138601    303.371    1.83996
138701    303.574    1.83987
138801    303.751    1.83985
138901    303.957    1.83989
139001    304.194    1.83977
139101    304.395    1.8398
139201    304.635    1.83983
139301    304.876    1.83979
139401    305.108    1.83971
139501    305.389    1.83963
139601    305.631    1.83962
139701    305.811    1.83975
139801    306.003    1.83977
139901    306.254    1.83986
140001    306.49    1.83973
140101    306.739    1.83965
140201    306.977    1.83947
140301    307.243    1.83953
140401    307.427    1.83961
140501    307.597    1.83949
140601    307.788    1.83936
140701    307.985    1.83945
140801    308.181    1.83929
140901    308.399    1.83938
141001    308.57    1.83936
141101    308.784    1.83951
141201    308.98    1.83963
141301    309.223    1.83958
141401    309.426    1.8396
141501    309.588    1.83967
141601    309.758    1.83974
141701    309.95    1.83956
141801    310.114    1.83961
141901    310.293    1.83976
142001    310.512    1.83972
142101    310.714    1.83968
142201    310.898    1.83961
142301    311.144    1.83947
142401    311.372    1.83956
142501    311.611    1.83957
142601    311.819    1.83971
142701    312.051    1.83973
142801    312.292    1.83982
142901    312.51    1.83976
143001    312.761    1.83977
143101    312.987    1.83975
143201    313.159    1.83961
143301    313.357    1.83972
143401    313.573    1.83962
143501    313.784    1.83965
143601    314.017    1.8396
143701    314.229    1.83964
143801    314.426    1.83975
143901    314.607    1.83959
144001    314.829    1.83968
144101    315.024    1.83951
144201    315.257    1.83947
144301    315.531    1.83961
144401    315.776    1.83972
144501    316.028    1.83975
144601    316.265    1.83958
144701    316.468    1.83961
144801    316.683    1.83954
144901    316.909    1.83965
145001    317.18    1.83978
145101    317.435    1.83972
145201    317.643    1.83975
145301    317.889    1.83988
145401    318.124    1.8399
145501    318.361    1.83979
145601    318.529    1.8398
145701    318.776    1.83989
145801    318.988    1.83976
145901    319.209    1.83971
146001    319.437    1.83974
146101    319.684    1.83994
146201    319.878    1.83984
146301    320.097    1.83993
146401    320.258    1.84002
146501    320.472    1.84002
146601    320.719    1.84001
146701    320.966    1.83987
146801    321.209    1.83976
146901    321.457    1.83965
147001    321.636    1.83966
147101    321.823    1.83958
147201    322.049    1.83963
147301    322.282    1.83961
147401    322.533    1.83959
147501    322.735    1.83962
147601    322.994    1.83956
147701    323.237    1.83944
147801    323.473    1.83955
147901    323.725    1.83954
148001    323.939    1.83957
