1    0.004192    1.96746
101    0.259616    2.03641
201    0.472288    1.98311
301    0.668192    2.00471
401    0.920384    2.00092
501    1.17056    2.0014
601    1.37469    1.99
701    1.56938    1.98944
801    1.80294    1.98301
901    2.02256    1.98612
1001    2.21536    1.98381
1101    2.46413    1.97457
1201    2.66618    1.97097
1301    2.89693    1.96898
1401    3.14326    1.96885
1501    3.3345    1.96985
1601    3.50096    1.97006
1701    3.71917    1.96837
1801    3.9032    1.97463
1901    4.11136    1.98062
2001    4.34413    1.98087
2101    4.56829    1.9816
2201    4.82064    1.98416
2301    5.04032    1.98775
2401    5.22528    1.98634
2501    5.4577    1.9843
2601    5.69728    1.98081
2701    5.9328    1.97772
2801    6.15293    1.97481
2901    6.35907    1.97372
3001    6.58973    1.97408
3101    6.82061    1.97041
3201    7.03734    1.96618
3301    7.27478    1.96421
3401    7.48349    1.96279
3501    7.71978    1.96555
3601    7.94858    1.96557
3701    8.17578    1.96687
3801    8.39795    1.96797
3901    8.65475    1.96659
4001    8.90445    1.96587
4101    9.16864    1.96463
4201    9.3641    1.96314
4301    9.51091    1.96389
4401    9.74835    1.96402
4501    9.98573    1.96433
4601    10.2485    1.96262
4701    10.5266    1.96032
4801    10.782    1.95888
4901    10.9425    1.95731
5001    11.1855    1.95652
5101    11.4539    1.95238
5201    11.6978    1.95205
5301    11.9771    1.94979
5401    12.2329    1.95024
5501    12.4621    1.95357
5601    12.6341    1.95367
5701    12.8378    1.95461
5801    13.0373    1.95546
5901    13.2939    1.95582
6001    13.4903    1.95577
6101    13.73    1.95502
6201    13.9636    1.95573
6301    14.1951    1.95591
6401    14.4229    1.95518
6501    14.679    1.95473
6601    14.9344    1.95562
6701    15.1846    1.95622
6801    15.4431    1.95492
6901    15.7521    1.95273
7001    16.0143    1.95082
7101    16.1795    1.94973
7201    16.4103    1.94867
7301    16.6337    1.94587
7401    16.8288    1.94497
7501    17.0663    1.9438
7601    17.2825    1.94224
7701    17.5152    1.93966
7801    17.7577    1.93914
7901    17.9416    1.93888
8001    18.2004    1.93846
8101    18.4644    1.93735
8201    18.6675    1.93649
8301    18.8797    1.93722
8401    19.1545    1.93649
8501    19.4059    1.9355
8601    19.6135    1.93394
8701    19.8824    1.93258
8801    20.0491    1.93194
8901    20.2244    1.93094
9001    20.4296    1.93141
9101    20.6158    1.93082
9201    20.8345    1.92943
9301    21.0905    1.92801
9401    21.3556    1.927
9501    21.5776    1.92681
9601    21.7611    1.92578
9701    21.9459    1.92572
9801    22.1599    1.92495
9901    22.3907    1.92495
10001    22.6635    1.9241
10101    22.911    1.92357
10201    23.1358    1.92306
10301    23.3579    1.92266
10401    23.6162    1.92095
10501    23.8733    1.92172
10601    24.1008    1.92056
10701    24.2946    1.92026
10801    24.4503    1.91975
10901    24.6508    1.91892
11001    24.9129    1.91841
11101    25.1171    1.91833
11201    25.3013    1.91756
11301    25.5168    1.91617
11401    25.734    1.91457
11501    25.9544    1.91378
11601    26.1636    1.91326
11701    26.4037    1.91192
11801    26.6373    1.91059
11901    26.8288    1.90909
12001    27.0662    1.9071
12101    27.2722    1.90539
12201    27.4534    1.90324
12301    27.6595    1.90181
12401    27.8194    1.90021
12501    28.0491    1.89958
12601    28.2321    1.89897
12701    28.398    1.89814
12801    28.5808    1.89714
12901    28.8243    1.89602
13001    29.0551    1.89428
13101    29.2963    1.89308
13201    29.5388    1.89105
13301    29.8159    1.88903
13401    30.0335    1.8868
13501    30.301    1.88529
13601    30.5924    1.88454
13701    30.8347    1.88264
13801    31.0705    1.88021
13901    31.3404    1.87803
14001    31.5664    1.87633
14101    31.7446    1.87557
14201    31.9837    1.87405
14301    32.1787    1.87266
14401    32.4035    1.87044
14501    32.5891    1.86795
14601    32.835    1.86697
14701    33.0817    1.86562
14801    33.2853    1.86435
14901    33.514    1.86288
15001    33.76    1.86135
15101    34.0257    1.86065
15201    34.2854    1.85866
15301    34.5407    1.85781
15401    34.77    1.85613
15501    35.0189    1.85469
15601    35.2032    1.85328
15701    35.4582    1.85166
15801    35.6834    1.84963
15901    35.8844    1.84774
16001    36.0851    1.84641
16101    36.299    1.845
16201    36.5021    1.84325
16301    36.7204    1.84172
16401    36.9251    1.83994
16501    37.1778    1.83861
16601    37.3911    1.83693
16701    37.6245    1.83606
16801    37.868    1.83511
16901    38.0851    1.83354
17001    38.3099    1.83201
17101    38.5009    1.83097
17201    38.6968    1.82989
17301    38.9198    1.82872
17401    39.1354    1.82729
17501    39.3347    1.82618
17601    39.5593    1.82461
17701    39.7991    1.82378
17801    40.0121    1.82233
17901    40.2125    1.82134
18001    40.4797    1.82004
18101    40.7234    1.81786
18201    40.9622    1.81706
18301    41.1912    1.81579
18401    41.389    1.8149
18501    41.6311    1.81315
18601    41.8722    1.81158
18701    42.1243    1.80984
18801    42.3505    1.80826
18901    42.6041    1.8076
19001    42.8289    1.80613
19101    43.1083    1.80569
19201    43.3261    1.80466
19301    43.5856    1.80365
19401    43.8216    1.8025
19501    44.1142    1.80078
19601    44.3681    1.79973
19701    44.5455    1.79816
19801    44.8086    1.79668
19901    45.0457    1.7954
20001    45.3133    1.79354
20101    45.5062    1.79254
20201    45.7597    1.79134
20301    45.9526    1.79014
20401    46.1705    1.78853
20501    46.4147    1.78756
20601    46.6657    1.78592
20701    46.9344    1.78402
20801    47.1553    1.78267
20901    47.3398    1.7812
21001    47.5916    1.77978
21101    47.7753    1.77814
21201    47.9791    1.77707
21301    48.2537    1.7755
21401    48.5043    1.77362
21501    48.7416    1.77194
21601    48.9303    1.7704
21701    49.1148    1.76904
21801    49.326    1.76745
21901    49.5729    1.76625
22001    49.8163    1.76481
22101    50.0357    1.76389
22201    50.2528    1.76269
22301    50.4937    1.76194
22401    50.7099    1.76064
22501    50.9398    1.75917
22601    51.1128    1.75742
22701    51.3784    1.75618
22801    51.6107    1.75487
22901    51.838    1.75341
23001    52.0804    1.75198
23101    52.3442    1.75075
23201    52.5942    1.74956
23301    52.8167    1.74823
23401    53.0252    1.74745
23501    53.2172    1.74649
23601    53.4512    1.74533
23701    53.6377    1.744
23801    53.8698    1.74287
23901    54.087    1.74208
24001    54.3265    1.74037
24101    54.6177    1.73946
24201    54.8622    1.7388
24301    55.1145    1.73798
24401    55.315    1.73688
24501    55.5393    1.7359
24601    55.7677    1.73452
24701    55.9839    1.73324
24801    56.1497    1.732
24901    56.3574    1.73065
25001    56.5911    1.72955
25101    56.8594    1.72803
25201    57.0856    1.72682
25301    57.3428    1.72538
25401    57.5694    1.7237
25501    57.7911    1.72227
25601    58.0328    1.7211
25701    58.2936    1.7201
25801    58.5744    1.71882
25901    58.8342    1.71804
26001    59.0825    1.7167
26101    59.2793    1.71567
26201    59.4778    1.71486
26301    59.7072    1.71376
26401    59.9252    1.7124
26501    60.1553    1.71111
26601    60.3974    1.70978
26701    60.6415    1.70901
26801    60.8722    1.70858
26901    61.1116    1.70755
27001    61.3428    1.70609
27101    61.59    1.70539
27201    61.7812    1.70439
27301    62.0179    1.70356
27401    62.2551    1.70262
27501    62.5219    1.70203
27601    62.7623    1.701
27701    62.9868    1.69963
27801    63.2146    1.69856
27901    63.4592    1.69771
28001    63.7228    1.69653
28101    63.9876    1.6956
28201    64.2627    1.6946
28301    64.4731    1.6938
28401    64.6836    1.69291
28501    64.9491    1.69208
28601    65.2051    1.69115
28701    65.3922    1.69032
28801    65.6324    1.68898
28901    65.8599    1.6878
29001    66.0219    1.68687
29101    66.2027    1.68635
29201    66.4301    1.68584
29301    66.6652    1.68484
29401    66.8781    1.68434
29501    67.1259    1.68352
29601    67.3776    1.68269
29701    67.6261    1.68153
29801    67.8328    1.68047
29901    68.0546    1.67966
30001    68.2712    1.67872
30101    68.4658    1.67796
30201    68.6683    1.6772
30301    68.9459    1.67715
30401    69.199    1.67631
30501    69.4021    1.6757
30601    69.6148    1.67449
30701    69.8507    1.67357
30801    70.0924    1.67257
30901    70.3076    1.67145
31001    70.5687    1.6703
31101    70.8262    1.66916
31201    71.0781    1.66815
31301    71.3129    1.66699
31401    71.5507    1.66596
31501    71.8086    1.66458
31601    72.0794    1.66381
31701    72.32    1.66246
31801    72.5635    1.6613
31901    72.8141    1.66027
32001    73.0926    1.6592
32101    73.3546    1.65859
32201    73.6237    1.65733
32301    73.8191    1.6567
32401    74.0685    1.65604
32501    74.3045    1.65497
32601    74.5508    1.65413
32701    74.749    1.65317
32801    74.9284    1.65242
32901    75.1359    1.65158
33001    75.3506    1.65095
33101    75.5689    1.65023
33201    75.7866    1.64937
33301    76.0181    1.64834
33401    76.2748    1.64769
33501    76.5082    1.64682
33601    76.7525    1.64626
33701    76.991    1.64591
33801    77.2394    1.64519
33901    77.4454    1.64428
34001    77.6693    1.64359
34101    77.8616    1.64304
34201    78.1022    1.64254
34301    78.3396    1.64178
34401    78.5639    1.64133
34501    78.8235    1.64064
34601    79.0707    1.64033
34701    79.3439    1.64012
34801    79.5787    1.63905
34901    79.8644    1.63885
35001    80.0534    1.63863
35101    80.2968    1.63769
35201    80.5311    1.63679
35301    80.7281    1.63646
35401    80.947    1.63593
35501    81.2098    1.63531
35601    81.4581    1.63483
35701    81.7149    1.63414
35801    81.9584    1.63389
35901    82.1929    1.63341
36001    82.3693    1.63287
36101    82.6126    1.63216
36201    82.8008    1.63143
36301    83.0504    1.63105
36401    83.2799    1.6309
36501    83.5251    1.63067
36601    83.7794    1.6302
36701    84.0438    1.62978
36801    84.2928    1.62937
36901    84.4769    1.62897
37001    84.7083    1.62797
37101    84.949    1.62737
37201    85.1737    1.62687
37301    85.4446    1.6261
37401    85.6981    1.62548
37501    85.8953    1.62502
37601    86.0914    1.62438
37701    86.3024    1.6239
37801    86.5714    1.62275
37901    86.8448    1.62222
38001    87.1094    1.62132
38101    87.3033    1.62055
38201    87.5304    1.61954
38301    87.7443    1.61858
38401    87.9355    1.6178
38501    88.1481    1.6171
38601    88.3824    1.6163
38701    88.6052    1.61544
38801    88.816    1.6147
38901    89.0367    1.61373
39001    89.2635    1.61267
39101    89.4619    1.61233
39201    89.6569    1.61175
39301    89.8789    1.61075
39401    90.0877    1.6102
39501    90.256    1.60976
39601    90.4733    1.60912
39701    90.7124    1.60832
39801    90.9385    1.60776
39901    91.2169    1.60702
40001    91.3911    1.60645
40101    91.6365    1.60572
40201    91.8637    1.6053
40301    92.0852    1.6046
40401    92.307    1.6041
40501    92.5309    1.60344
40601    92.7567    1.60278
40701    92.9355    1.60191
40801    93.1753    1.60112
40901    93.4052    1.60054
41001    93.6316    1.59989
41101    93.8652    1.5997
41201    94.1011    1.59938
41301    94.3489    1.5991
41401    94.595    1.5988
41501    94.8492    1.59851
41601    95.0177    1.59806
41701    95.2107    1.59776
41801    95.3922    1.59722
41901    95.6525    1.59644
42001    95.9022    1.59585
42101    96.1067    1.59504
42201    96.3055    1.59457
42301    96.5967    1.59411
42401    96.8098    1.59348
42501    96.979    1.59285
42601    97.1379    1.59206
42701    97.3653    1.59154
42801    97.5826    1.59106
42901    97.7957    1.59036
43001    98.0373    1.59008
43101    98.272    1.5893
43201    98.5109    1.58873
43301    98.7784    1.58819
43401    99.0186    1.58816
43501    99.2471    1.58768
43601    99.4646    1.58715
43701    99.6793    1.58674
43801    99.8768    1.58596
43901    100.102    1.58577
44001    100.347    1.58545
44101    100.612    1.58439
44201    100.854    1.58365
44301    101.058    1.58269
44401    101.274    1.58272
44501    101.504    1.58211
44601    101.706    1.58146
44701    101.94    1.58117
44801    102.208    1.5803
44901    102.449    1.57961
45001    102.677    1.57914
45101    102.877    1.57874
45201    103.099    1.57807
45301    103.314    1.57719
45401    103.506    1.5766
45501    103.716    1.57551
45601    103.894    1.57477
45701    104.104    1.57432
45801    104.353    1.57392
45901    104.56    1.57349
46001    104.793    1.57288
46101    105.028    1.57218
46201    105.254    1.57181
46301    105.509    1.57077
46401    105.713    1.56994
46501    105.966    1.56927
46601    106.189    1.56848
46701    106.417    1.56765
46801    106.648    1.56702
46901    106.897    1.56651
47001    107.18    1.56595
47101    107.397    1.56512
47201    107.627    1.56447
47301    107.889    1.56375
47401    108.148    1.56322
47501    108.381    1.56254
47601    108.615    1.56164
47701    108.874    1.56111
47801    109.082    1.56037
47901    109.318    1.55951
48001    109.565    1.55858
48101    109.75    1.55782
48201    109.921    1.55687
48301    110.158    1.55602
48401    110.368    1.55541
48501    110.598    1.55484
48601    110.835    1.55404
48701    111.072    1.55381
48801    111.26    1.55347
48901    111.451    1.55268
49001    111.651    1.55169
49101    111.848    1.55128
49201    112.025    1.55083
49301    112.28    1.55046
49401    112.542    1.5503
49501    112.798    1.54993
49601    113.054    1.54919
49701    113.292    1.54868
49801    113.533    1.54819
49901    113.78    1.54759
50001    114.011    1.54705
50101    114.199    1.54654
50201    114.439    1.54631
50301    114.689    1.54584
50401    114.893    1.54541
50501    115.141    1.54509
50601    115.316    1.54473
50701    115.537    1.54424
50801    115.787    1.54363
50901    116.004    1.543
51001    116.274    1.54255
51101    116.549    1.54227
51201    116.806    1.54212
51301    117.056    1.54182
51401    117.3    1.5414
51501    117.551    1.54081
51601    117.762    1.54035
51701    117.946    1.53995
51801    118.162    1.53935
51901    118.35    1.53895
52001    118.537    1.53864
52101    118.795    1.53815
52201    119.051    1.53746
52301    119.311    1.53665
52401    119.566    1.536
52501    119.747    1.5357
52601    119.974    1.53527
52701    120.204    1.53472
52801    120.459    1.53414
52901    120.738    1.53357
53001    120.997    1.53277
53101    121.203    1.53213
53201    121.378    1.53135
53301    121.622    1.53063
53401    121.86    1.5299
53501    122.123    1.52945
53601    122.308    1.5288
53701    122.503    1.52783
53801    122.734    1.52713
53901    122.956    1.52648
54001    123.212    1.52574
54101    123.483    1.52507
54201    123.713    1.52447
54301    123.948    1.52379
54401    124.183    1.52328
54501    124.422    1.52268
54601    124.599    1.5221
54701    124.835    1.52154
54801    125.105    1.52079
54901    125.384    1.51995
55001    125.603    1.51932
55101    125.81    1.51863
55201    125.977    1.51799
55301    126.186    1.51735
55401    126.438    1.51656
55501    126.623    1.51589
55601    126.847    1.51527
55701    127.068    1.5146
55801    127.305    1.51398
55901    127.51    1.51363
56001    127.722    1.51307
56101    127.95    1.51248
56201    128.197    1.512
56301    128.439    1.5115
56401    128.666    1.51103
56501    128.914    1.51075
56601    129.141    1.51036
56701    129.363    1.50985
56801    129.605    1.50948
56901    129.801    1.50927
57001    130.053    1.50865
57101    130.246    1.50816
57201    130.466    1.50751
57301    130.654    1.50736
57401    130.898    1.50716
57501    131.096    1.50682
57601    131.343    1.50664
57701    131.557    1.50637
57801    131.788    1.50578
57901    131.994    1.50527
58001    132.257    1.50497
58101    132.468    1.50468
58201    132.695    1.50419
58301    132.943    1.50375
58401    133.136    1.50327
58501    133.391    1.50282
58601    133.619    1.50245
58701    133.85    1.50205
58801    134.1    1.50164
58901    134.313    1.50106
59001    134.533    1.50064
59101    134.758    1.5003
59201    134.963    1.49991
59301    135.197    1.49972
59401    135.462    1.49935
59501    135.708    1.49887
59601    135.921    1.49851
59701    136.136    1.49795
59801    136.351    1.49762
59901    136.626    1.4973
60001    136.837    1.49656
60101    137.096    1.49608
60201    137.343    1.49557
60301    137.58    1.49488
60401    137.793    1.49437
60501    138.02    1.4938
60601    138.273    1.49373
60701    138.466    1.4933
60801    138.697    1.49285
60901    138.928    1.49238
61001    139.154    1.49176
61101    139.423    1.49108
61201    139.637    1.49051
61301    139.884    1.48994
61401    140.145    1.48956
61501    140.357    1.48921
61601    140.56    1.48884
61701    140.779    1.48837
61801    141.009    1.48787
61901    141.201    1.4875
62001    141.449    1.48714
62101    141.682    1.48676
62201    141.938    1.48626
62301    142.154    1.48584
62401    142.358    1.4855
62501    142.558    1.48517
62601    142.771    1.48477
62701    143.026    1.4843
62801    143.269    1.48383
62901    143.486    1.4832
63001    143.738    1.48284
63101    143.948    1.48231
63201    144.204    1.48199
63301    144.428    1.48162
63401    144.683    1.48139
63501    144.96    1.48105
63601    145.176    1.48087
63701    145.414    1.48073
63801    145.613    1.48068
63901    145.862    1.48047
64001    146.124    1.48009
64101    146.39    1.4797
64201    146.577    1.47942
64301    146.835    1.47906
64401    147.074    1.4788
64501    147.285    1.47846
64601    147.527    1.47803
64701    147.772    1.47751
64801    148.016    1.47719
64901    148.21    1.47683
65001    148.426    1.47642
65101    148.66    1.47616
65201    148.927    1.47589
65301    149.155    1.47545
65401    149.392    1.47531
65501    149.601    1.4751
65601    149.87    1.47462
65701    150.113    1.47404
65801    150.371    1.47355
65901    150.597    1.4732
66001    150.796    1.47284
66101    151.06    1.47232
66201    151.284    1.47211
66301    151.5    1.47185
66401    151.671    1.47132
66501    151.908    1.47073
66601    152.09    1.47036
66701    152.27    1.46985
66801    152.502    1.46956
66901    152.711    1.46922
67001    152.918    1.4688
67101    153.165    1.46847
67201    153.408    1.46808
67301    153.615    1.46758
67401    153.851    1.46706
67501    154.127    1.46661
67601    154.363    1.46639
67701    154.607    1.46613
67801    154.869    1.46576
67901    155.095    1.46545
68001    155.286    1.46522
68101    155.453    1.46485
68201    155.645    1.46431
68301    155.839    1.46398
68401    156.039    1.46364
68501    156.23    1.46349
68601    156.424    1.46314
68701    156.645    1.46272
68801    156.894    1.46225
68901    157.152    1.46187
69001    157.387    1.46156
69101    157.626    1.46127
69201    157.842    1.46098
69301    158.041    1.46076
69401    158.268    1.46046
69501    158.525    1.46022
69601    158.804    1.45985
69701    159.059    1.45948
69801    159.333    1.45912
69901    159.557    1.45877
70001    159.746    1.45848
70101    159.938    1.4583
70201    160.102    1.45806
70301    160.326    1.45774
70401    160.57    1.45738
70501    160.755    1.45697
70601    160.967    1.45671
70701    161.172    1.45642
70801    161.394    1.45609
70901    161.591    1.4558
71001    161.783    1.4555
71101    162.026    1.45527
71201    162.26    1.45517
71301    162.447    1.45487
71401    162.653    1.45461
71501    162.833    1.45431
71601    163.019    1.45399
71701    163.19    1.45371
71801    163.421    1.45338
71901    163.639    1.45311
72001    163.869    1.4528
72101    164.05    1.45265
72201    164.289    1.45245
72301    164.556    1.45217
72401    164.76    1.45208
72501    164.988    1.45189
72601    165.203    1.45167
72701    165.405    1.45144
72801    165.581    1.45117
72901    165.757    1.45072
73001    165.924    1.45044
73101    166.174    1.45012
73201    166.414    1.44964
73301    166.623    1.44952
73401    166.85    1.4493
73501    167.109    1.44885
73601    167.286    1.44838
73701    167.46    1.44817
73801    167.67    1.44792
73901    167.896    1.44765
74001    168.077    1.44736
74101    168.253    1.44724
74201    168.428    1.44702
74301    168.609    1.44665
74401    168.816    1.44646
74501    169.03    1.44631
74601    169.183    1.44603
74701    169.426    1.44566
74801    169.652    1.44533
74901    169.905    1.4451
75001    170.151    1.44491
75101    170.372    1.44469
75201    170.547    1.44459
75301    170.8    1.44437
75401    170.98    1.44432
75501    171.232    1.44423
75601    171.442    1.44411
75701    171.68    1.44386
75801    171.933    1.44373
75901    172.181    1.44357
76001    172.417    1.44335
76101    172.681    1.44308
76201    172.923    1.44296
76301    173.174    1.44272
76401    173.433    1.44255
76501    173.621    1.44252
76601    173.838    1.44247
76701    174.041    1.44246
76801    174.255    1.44243
76901    174.488    1.44228
77001    174.737    1.44219
77101    174.989    1.44213
77201    175.228    1.44204
77301    175.492    1.4419
77401    175.744    1.44172
77501    175.905    1.44157
77601    176.088    1.44136
77701    176.299    1.44115
77801    176.592    1.44072
77901    176.837    1.44036
78001    177.038    1.44014
78101    177.256    1.43994
78201    177.473    1.43958
78301    177.677    1.43931
78401    177.913    1.43893
78501    178.172    1.43859
78601    178.385    1.4384
78701    178.595    1.43811
78801    178.879    1.43765
78901    179.109    1.43735
79001    179.331    1.43704
79101    179.484    1.4369
79201    179.7    1.43673
79301    179.951    1.43644
79401    180.167    1.43614
79501    180.358    1.43589
79601    180.58    1.43578
79701    180.824    1.43556
79801    181.059    1.43525
79901    181.294    1.43514
80001    181.551    1.43483
80101    181.713    1.43457
80201    181.934    1.43439
80301    182.118    1.43401
80401    182.309    1.43388
80501    182.519    1.43363
80601    182.753    1.43346
80701    182.939    1.43332
80801    183.125    1.43304
80901    183.346    1.43289
81001    183.583    1.4326
81101    183.861    1.43243
81201    184.063    1.43209
81301    184.237    1.43172
81401    184.451    1.43144
81501    184.723    1.43128
81601    184.981    1.43103
81701    185.204    1.43086
81801    185.451    1.4306
81901    185.689    1.43023
82001    185.907    1.42984
82101    186.158    1.42936
82201    186.405    1.42903
82301    186.628    1.4287
82401    186.875    1.42851
82501    187.108    1.42827
82601    187.353    1.42806
82701    187.533    1.42772
82801    187.757    1.42725
82901    188.014    1.42699
83001    188.203    1.42671
83101    188.38    1.4265
83201    188.556    1.42619
83301    188.786    1.42585
83401    189.051    1.4255
83501    189.278    1.4252
83601    189.553    1.42493
83701    189.764    1.42465
83801    190.025    1.42449
83901    190.282    1.42415
84001    190.549    1.42397
84101    190.803    1.42372
84201    191.025    1.42349
84301    191.197    1.42328
84401    191.451    1.42306
84501    191.691    1.4228
84601    191.916    1.42252
84701    192.183    1.42225
84801    192.43    1.42178
84901    192.675    1.42161
85001    192.922    1.42131
85101    193.159    1.42116
85201    193.383    1.42085
85301    193.582    1.42057
85401    193.76    1.42053
85501    193.985    1.42036
85601    194.196    1.42009
85701    194.442    1.41987
85801    194.709    1.41967
85901    194.99    1.41942
86001    195.23    1.41915
86101    195.467    1.41894
86201    195.741    1.41878
86301    195.944    1.41865
86401    196.153    1.41846
86501    196.397    1.41825
86601    196.582    1.41806
86701    196.778    1.4178
86801    197.018    1.41766
86901    197.232    1.41746
87001    197.445    1.41728
87101    197.646    1.41712
87201    197.902    1.41693
87301    198.177    1.41686
87401    198.402    1.41676
87501    198.684    1.41663
87601    198.899    1.41636
87701    199.122    1.41621
87801    199.319    1.41606
87901    199.528    1.41582
88001    199.711    1.41556
88101    199.951    1.41539
88201    200.156    1.4152
88301    200.353    1.41496
88401    200.515    1.41488
88501    200.737    1.41463
88601    200.983    1.41445
88701    201.228    1.41419
88801    201.392    1.41401
88901    201.561    1.41387
89001    201.785    1.41365
89101    201.98    1.41334
89201    202.224    1.41315
89301    202.453    1.41297
89401    202.647    1.41271
89501    202.837    1.41254
89601    203.054    1.41232
89701    203.236    1.41216
89801    203.475    1.41187
89901    203.706    1.41156
90001    203.915    1.41126
90101    204.174    1.41105
90201    204.374    1.4109
90301    204.59    1.4107
90401    204.814    1.41055
90501    205.035    1.41038
90601    205.282    1.41025
90701    205.504    1.41008
90801    205.684    1.4099
90901    205.886    1.40978
91001    206.107    1.4097
91101    206.291    1.40956
91201    206.492    1.40932
91301    206.692    1.40918
91401    206.895    1.40907
91501    207.092    1.40902
91601    207.299    1.40889
91701    207.498    1.40881
91801    207.702    1.40871
91901    207.947    1.40862
92001    208.131    1.40854
92101    208.398    1.40829
92201    208.604    1.4081
92301    208.801    1.4078
92401    208.976    1.40769
92501    209.197    1.40753
92601    209.458    1.40728
92701    209.727    1.40705
92801    209.949    1.40686
92901    210.196    1.40667
93001    210.439    1.4065
93101    210.689    1.40626
93201    210.948    1.40604
93301    211.176    1.40581
93401    211.396    1.40559
93501    211.566    1.40532
93601    211.73    1.40514
93701    211.893    1.40504
93801    212.111    1.40491
93901    212.376    1.40475
94001    212.573    1.40464
94101    212.73    1.40449
94201    212.931    1.40438
94301    213.087    1.4042
94401    213.345    1.40408
94501    213.557    1.40392
94601    213.765    1.40386
94701    213.947    1.40372
94801    214.183    1.40358
94901    214.407    1.40343
95001    214.666    1.40323
95101    214.898    1.40305
95201    215.057    1.40297
95301    215.236    1.40281
95401    215.458    1.40258
95501    215.634    1.40235
95601    215.855    1.40211
95701    216.013    1.40189
95801    216.172    1.40172
95901    216.332    1.40153
96001    216.5    1.4013
96101    216.694    1.40108
96201    216.921    1.40094
96301    217.175    1.40063
96401    217.452    1.40048
96501    217.72    1.40036
96601    217.921    1.40019
96701    218.109    1.39996
96801    218.286    1.39979
96901    218.505    1.39953
97001    218.756    1.39936
97101    218.915    1.39907
97201    219.161    1.39883
97301    219.428    1.39857
97401    219.673    1.39835
97501    219.931    1.39815
97601    220.127    1.39791
97701    220.374    1.39764
97801    220.595    1.39748
97901    220.816    1.39726
98001    221.043    1.39711
98101    221.28    1.39696
98201    221.478    1.39682
98301    221.687    1.39667
98401    221.871    1.39656
98501    222.078    1.39644
98601    222.271    1.3963
98701    222.44    1.39617
98801    222.661    1.3961
98901    222.84    1.39602
99001    223.064    1.39585
99101    223.231    1.3956
99201    223.458    1.39535
99301    223.672    1.39524
99401    223.83    1.39516
99501    223.974    1.39498
99601    224.202    1.39482
99701    224.401    1.39464
99801    224.626    1.39457
99901    224.824    1.39441
100001    225.06    1.39423
100101    225.241    1.39406
100201    225.452    1.39381
100301    225.721    1.39357
100401    225.954    1.39339
100501    226.128    1.39331
100601    226.379    1.39315
100701    226.579    1.39311
100801    226.834    1.39294
100901    227.105    1.39269
101001    227.323    1.39253
101101    227.557    1.39233
101201    227.759    1.39216
101301    227.964    1.392
101401    228.152    1.39178
101501    228.329    1.39164
101601    228.517    1.39151
101701    228.712    1.39142
101801    228.892    1.39131
101901    229.069    1.39112
102001    229.246    1.39093
102101    229.439    1.39069
102201    229.68    1.39054
102301    229.947    1.39034
102401    230.157    1.39008
102501    230.406    1.38971
102601    230.588    1.38941
102701    230.845    1.38905
102801    231.04    1.3888
102901    231.237    1.38855
103001    231.501    1.38823
103101    231.749    1.388
103201    231.967    1.38769
103301    232.232    1.38738
103401    232.445    1.38716
103501    232.672    1.38705
103601    232.871    1.38682
103701    233.063    1.38651
103801    233.328    1.38622
103901    233.526    1.38594
104001    233.762    1.38571
104101    233.932    1.38546
104201    234.165    1.38525
104301    234.347    1.38513
104401    234.585    1.38497
104501    234.813    1.38484
104601    235.068    1.38457
104701    235.298    1.38432
104801    235.502    1.38403
104901    235.682    1.38375
105001    235.908    1.38359
105101    236.12    1.38338
105201    236.341    1.3833
105301    236.615    1.38311
105401    236.86    1.38283
105501    237.129    1.38249
105601    237.389    1.38224
105701    237.599    1.38202
105801    237.845    1.38176
105901    238.094    1.38145
106001    238.33    1.3812
106101    238.574    1.38081
106201    238.775    1.38055
106301    238.972    1.3804
106401    239.215    1.38018
106501    239.402    1.38005
106601    239.568    1.37989
106701    239.74    1.37954
106801    239.955    1.37924
106901    240.119    1.37887
107001    240.293    1.37857
107101    240.513    1.37827
107201    240.755    1.378
107301    240.957    1.37785
107401    241.187    1.37765
107501    241.457    1.37747
107601    241.668    1.37734
107701    241.93    1.37713
107801    242.172    1.37692
107901    242.392    1.37683
108001    242.563    1.37663
108101    242.832    1.37639
108201    242.994    1.37621
108301    243.267    1.37597
108401    243.484    1.37578
108501    243.664    1.37555
108601    243.882    1.37536
108701    244.059    1.37519
108801    244.242    1.37492
108901    244.465    1.37469
109001    244.705    1.37439
109101    244.898    1.3741
109201    245.063    1.37387
109301    245.295    1.37358
109401    245.501    1.37332
109501    245.696    1.37311
109601    245.852    1.37292
109701    246.075    1.37283
109801    246.327    1.37263
109901    246.498    1.37253
110001    246.761    1.37248
110101    246.948    1.37244
110201    247.193    1.37228
110301    247.44    1.37211
110401    247.697    1.37196
110501    247.949    1.37192
110601    248.206    1.37188
110701    248.466    1.37176
110801    248.72    1.3716
110901    248.964    1.3715
111001    249.207    1.37135
111101    249.43    1.37127
111201    249.639    1.37113
111301    249.874    1.37096
111401    250.106    1.37085
111501    250.364    1.37073
111601    250.63    1.37058
111701    250.884    1.37046
111801    251.145    1.37033
111901    251.414    1.37018
112001    251.674    1.36998
112101    251.929    1.36984
112201    252.176    1.36967
112301    252.459    1.36959
112401    252.673    1.36953
112501    252.879    1.36943
112601    253.153    1.36937
112701    253.418    1.36926
112801    253.665    1.36921
112901    253.895    1.36908
113001    254.14    1.36899
113101    254.386    1.36881
113201    254.612    1.36867
113301    254.814    1.36851
113401    255.027    1.3684
113501    255.201    1.36838
113601    255.383    1.36829
113701    255.542    1.36826
113801    255.747    1.36819
113901    255.963    1.36814
114001    256.158    1.368
114101    256.376    1.36786
114201    256.644    1.36766
114301    256.902    1.36745
114401    257.137    1.36729
114501    257.378    1.36716
114601    257.584    1.36697
114701    257.852    1.36681
114801    258.107    1.36655
114901    258.365    1.36633
115001    258.647    1.36617
115101    258.902    1.366
115201    259.145    1.36587
115301    259.399    1.36576
115401    259.653    1.36569
115501    259.918    1.36552
115601    260.191    1.36526
115701    260.443    1.36508
115801    260.698    1.36493
115901    260.936    1.36481
116001    261.188    1.3648
116101    261.4    1.36472
116201    261.626    1.36471
116301    261.808    1.36466
116401    262.03    1.36454
116501    262.243    1.36431
116601    262.468    1.36406
116701    262.691    1.36382
116801    262.876    1.36363
116901    263.094    1.36351
117001    263.254    1.3634
117101    263.478    1.36319
117201    263.72    1.36296
117301    263.888    1.3627
117401    264.123    1.36241
117501    264.312    1.36221
117601    264.541    1.36205
117701    264.756    1.36191
117801    264.944    1.36178
117901    265.125    1.36175
118001    265.298    1.36166
118101    265.479    1.36149
118201    265.752    1.36125
118301    266.003    1.36094
118401    266.251    1.36071
118501    266.496    1.36062
118601    266.738    1.36043
118701    267.006    1.36028
118801    267.221    1.36012
118901    267.464    1.36
119001    267.725    1.35988
119101    267.962    1.35963
119201    268.164    1.35954
119301    268.362    1.35936
119401    268.59    1.35921
119501    268.775    1.35904
119601    269.008    1.35898
119701    269.245    1.35892
119801    269.491    1.35875
119901    269.723    1.35866
120001    269.976    1.35859
120101    270.204    1.35855
120201    270.451    1.35843
120301    270.674    1.3583
120401    270.891    1.35812
120501    271.098    1.35798
120601    271.336    1.35784
120701    271.515    1.35766
120801    271.702    1.35749
120901    271.897    1.35736
121001    272.065    1.35722
121101    272.246    1.35713
121201    272.451    1.35692
121301    272.635    1.3568
121401    272.867    1.35661
121501    273.159    1.35637
121601    273.331    1.35623
121701    273.517    1.35613
121801    273.727    1.356
121901    273.937    1.35586
122001    274.154    1.3558
122101    274.359    1.35577
122201    274.569    1.35575
122301    274.753    1.35568
122401    274.919    1.35555
122501    275.166    1.35547
122601    275.411    1.35534
122701    275.645    1.35522
122801    275.851    1.3551
122901    276.052    1.35504
123001    276.227    1.35492
123101    276.447    1.35484
123201    276.711    1.35466
123301    276.951    1.35453
123401    277.199    1.35447
123501    277.434    1.35434
123601    277.661    1.35422
123701    277.874    1.35406
123801    278.096    1.35385
123901    278.336    1.35363
124001    278.565    1.35353
124101    278.812    1.35346
124201    279.04    1.35331
124301    279.267    1.35322
124401    279.499    1.35318
124501    279.713    1.35321
124601    279.983    1.35316
124701    280.245    1.35299
124801    280.528    1.35278
124901    280.747    1.35265
125001    281.002    1.35244
125101    281.271    1.35234
125201    281.529    1.35224
125301    281.761    1.35214
125401    281.971    1.352
125501    282.142    1.35178
125601    282.309    1.35168
125701    282.548    1.35158
125801    282.731    1.35158
125901    282.959    1.3514
126001    283.133    1.35115
126101    283.334    1.35099
126201    283.556    1.35083
126301    283.795    1.35069
126401    284.038    1.35052
126501    284.286    1.35026
126601    284.54    1.35006
126701    284.812    1.34984
126801    285.003    1.34965
126901    285.178    1.34947
127001    285.416    1.34928
127101    285.617    1.34909
127201    285.832    1.34897
127301    286.097    1.34872
127401    286.286    1.3485
127501    286.507    1.34827
127601    286.753    1.34802
127701    286.965    1.34783
127801    287.174    1.3477
127901    287.41    1.34761
128001    287.592    1.34742
128101    287.815    1.34732
128201    288.053    1.3471
128301    288.25    1.34696
128401    288.484    1.3469
128501    288.745    1.34679
128601    288.932    1.3467
128701    289.122    1.34656
128801    289.364    1.34644
128901    289.601    1.34621
129001    289.805    1.34606
129101    290.064    1.34601
129201    290.256    1.34595
129301    290.434    1.3457
129401    290.647    1.3454
129501    290.925    1.3451
129601    291.155    1.34483
129701    291.397    1.34464
129801    291.645    1.34442
129901    291.866    1.34419
130001    292.148    1.3439
130101    292.38    1.34356
130201    292.54    1.34327
130301    292.749    1.34312
130401    292.933    1.34296
130501    293.175    1.34276
130601    293.421    1.34254
130701    293.699    1.34226
130801    293.906    1.34191
130901    294.09    1.34171
131001    294.279    1.34146
131101    294.536    1.34124
131201    294.765    1.34104
131301    294.998    1.34079
131401    295.155    1.34058
131501    295.406    1.34032
131601    295.611    1.3401
131701    295.854    1.33979
131801    296.108    1.33953
131901    296.309    1.33922
132001    296.529    1.3389
132101    296.77    1.33871
132201    297.003    1.33846
132301    297.228    1.33821
132401    297.402    1.3379
132501    297.65    1.33752
132601    297.816    1.33727
132701    298.027    1.33704
132801    298.206    1.33681
132901    298.461    1.3366
133001    298.725    1.33638
133101    298.961    1.33622
133201    299.193    1.33601
133301    299.453    1.33578
133401    299.689    1.33555
133501    299.925    1.33543
133601    300.173    1.3352
133701    300.407    1.33515
133801    300.614    1.33511
133901    300.875    1.33489
134001    301.096    1.33473
134101    301.324    1.33449
134201    301.573    1.33425
134301    301.827    1.33411
134401    302.064    1.33394
134501    302.316    1.3338
134601    302.57    1.33364
134701    302.827    1.33352
134801    303.084    1.33329
134901    303.349    1.3331
135001    303.563    1.33284
135101    303.747    1.33273
135201    303.91    1.33261
135301    304.099    1.33261
135401    304.325    1.33253
135501    304.565    1.33246
135601    304.761    1.3323
135701    304.982    1.33208
135801    305.166    1.3319
135901    305.423    1.33174
136001    305.622    1.33156
136101    305.8    1.33133
136201    306.036    1.33104
136301    306.216    1.33083
136401    306.381    1.33062
136501    306.63    1.33038
136601    306.845    1.33014
136701    307.011    1.32999
136801    307.263    1.3298
136901    307.514    1.32958
137001    307.683    1.32935
137101    307.869    1.32912
137201    308.039    1.32889
137301    308.249    1.3287
137401    308.505    1.32845
137501    308.725    1.32826
137601    309.077    1.32804
137701    309.259    1.32782
137801    309.51    1.32756
137901    309.728    1.32738
138001    309.97    1.32711
138101    310.198    1.32692
138201    310.433    1.32668
138301    310.675    1.32645
138401    310.945    1.32621
138501    311.212    1.32604
138601    311.471    1.32592
138701    311.689    1.32578
138801    311.873    1.32562
138901    312.074    1.3254
139001    312.347    1.32527
139101    312.616    1.32511
139201    312.882    1.32495
139301    313.129    1.32483
139401    313.368    1.32464
139501    313.625    1.32453
139601    313.891    1.32445
139701    314.124    1.32436
139801    314.381    1.32423
139901    314.582    1.32412
140001    314.751    1.32393
140101    314.955    1.32377
140201    315.131    1.32365
140301    315.297    1.32346
140401    315.541    1.32327
140501    315.785    1.32313
140601    315.989    1.32298
140701    316.214    1.32271
140801    316.42    1.32243
140901    316.605    1.32224
141001    316.843    1.32204
141101    317.048    1.32182
141201    317.289    1.32161
141301    317.564    1.32148
141401    317.776    1.32135
141501    318.011    1.32115
141601    318.219    1.32099
141701    318.437    1.32075
141801    318.691    1.32051
141901    318.877    1.32032
142001    319.075    1.32007
142101    319.306    1.3198
142201    319.505    1.31958
142301    319.722    1.31936
142401    319.976    1.31915
142501    320.229    1.31899
142601    320.476    1.31883
142701    320.725    1.31867
142801    320.996    1.31848
142901    321.274    1.31833
143001    321.474    1.31827
143101    321.71    1.31814
143201    321.961    1.318
143301    322.217    1.31777
143401    322.462    1.31761
143501    322.71    1.31744
143601    322.959    1.31721
143701    323.216    1.31692
143801    323.43    1.31671
143901    323.64    1.31653
144001    323.888    1.31632
144101    324.182    1.31607
144201    324.447    1.31595
144301    324.677    1.31579
144401    324.921    1.3156
144501    325.165    1.31544
144601    325.4    1.31528
144701    325.617    1.3151
144801    325.848    1.31485
144901    326.117    1.31463
145001    326.366    1.3144
145101    326.584    1.31418
145201    326.807    1.31396
145301    326.991    1.31378
145401    327.247    1.31359
145501    327.473    1.31345
145601    327.622    1.3133
145701    327.808    1.31317
145801    327.972    1.31311
145901    328.143    1.31295
146001    328.35    1.31276
146101    328.566    1.31254
146201    328.743    1.31235
146301    328.993    1.31211
146401    329.258    1.31187
146501    329.477    1.31164
146601    329.664    1.31148
146701    329.923    1.31121
146801    330.158    1.31095
146901    330.364    1.31075
147001    330.538    1.31055
147101    330.723    1.31039
147201    330.912    1.31016
147301    331.083    1.31002
147401    331.271    1.30992
147501    331.488    1.30982
147601    331.736    1.30964
147701    331.914    1.30942
147801    332.138    1.30928
147901    332.321    1.30914
148001    332.504    1.30894
