1    0.004224    1.97409
101    0.248768    1.88213
201    0.456128    1.86308
301    0.705408    1.88341
401    0.9792    1.85374
501    1.26099    1.84568
601    1.51194    1.84568
701    1.71456    1.84768
801    1.89107    1.83966
901    2.10157    1.84863
1001    2.30797    1.83405
1101    2.53395    1.83324
1201    2.77632    1.83835
1301    3.03181    1.83816
1401    3.30003    1.82601
1501    3.5641    1.82063
1601    3.82317    1.82546
1701    3.99821    1.82081
1801    4.15757    1.81958
1901    4.39142    1.81041
2001    4.65382    1.79893
2101    4.90598    1.79435
2201    5.09741    1.79096
2301    5.34963    1.79035
2401    5.57018    1.78546
2501    5.74362    1.77219
2601    5.98438    1.76987
2701    6.22355    1.75306
2801    6.45069    1.74855
2901    6.7017    1.7353
3001    6.97037    1.73287
3101    7.21434    1.72488
3201    7.43085    1.71887
3301    7.69549    1.70677
3401    7.92442    1.7029
3501    8.08173    1.69769
3601    8.31251    1.69125
3701    8.52198    1.68669
3801    8.7399    1.67911
3901    8.89965    1.67423
4001    9.12794    1.67648
4101    9.38842    1.67049
4201    9.6103    1.65888
4301    9.84512    1.64725
4401    10.0504    1.64194
4501    10.236    1.6476
4601    10.405    1.63989
4701    10.5612    1.63275
4801    10.7659    1.62289
4901    11.0157    1.61504
5001    11.2115    1.60684
5101    11.4793    1.60233
5201    11.7053    1.59735
5301    11.994    1.59513
5401    12.1834    1.59174
5501    12.3622    1.58588
5601    12.5351    1.57865
5701    12.7475    1.57244
5801    12.9402    1.57578
5901    13.0961    1.57375
6001    13.2669    1.56989
6101    13.4555    1.56603
6201    13.6429    1.56545
6301    13.813    1.56259
6401    14.0611    1.55866
6501    14.3227    1.55346
6601    14.5361    1.54904
6701    14.7097    1.54657
6801    14.971    1.54362
6901    15.164    1.54052
7001    15.3411    1.53637
7101    15.5657    1.53512
7201    15.726    1.53138
7301    15.9768    1.53054
7401    16.2072    1.52649
7501    16.4576    1.52199
7601    16.7253    1.51764
7701    17.005    1.51443
7801    17.2625    1.51503
7901    17.5329    1.51171
8001    17.8111    1.50778
8101    18.0651    1.50508
8201    18.32    1.50263
8301    18.5846    1.49859
8401    18.7531    1.49936
8501    18.9483    1.4986
8601    19.2175    1.49618
8701    19.3651    1.4947
8801    19.5516    1.49389
8901    19.7713    1.49099
9001    19.982    1.48815
9101    20.1825    1.48708
9201    20.4196    1.48507
9301    20.6204    1.48292
9401    20.8463    1.48098
9501    21.0303    1.48141
9601    21.2695    1.47904
9701    21.5614    1.47808
9801    21.809    1.47682
9901    22.0486    1.47734
10001    22.2334    1.47661
10101    22.4209    1.47555
10201    22.6403    1.47291
10301    22.8879    1.4699
10401    23.0749    1.4686
10501    23.2804    1.46787
10601    23.4679    1.4657
10701    23.6786    1.46387
10801    23.8538    1.46229
10901    24.0803    1.45985
11001    24.3137    1.4573
11101    24.5338    1.45611
11201    24.7215    1.45452
11301    24.9541    1.45361
11401    25.1628    1.45129
11501    25.3657    1.45032
11601    25.6109    1.44821
11701    25.8541    1.44654
11801    26.0652    1.44529
11901    26.2536    1.4452
12001    26.4823    1.44527
12101    26.7183    1.444
12201    26.8948    1.44263
12301    27.1249    1.4412
12401    27.3561    1.44083
12501    27.5359    1.44013
12601    27.7133    1.43872
12701    27.9486    1.43666
12801    28.1752    1.43583
12901    28.3881    1.43332
13001    28.5678    1.43129
13101    28.854    1.42997
13201    29.118    1.42824
13301    29.338    1.42619
13401    29.5712    1.42486
13501    29.781    1.42328
13601    29.9681    1.42162
13701    30.2172    1.41976
13801    30.4008    1.41812
13901    30.6131    1.41708
14001    30.8449    1.41607
14101    31.0663    1.41465
14201    31.2849    1.41389
14301    31.5324    1.41281
14401    31.711    1.41154
14501    31.8838    1.4099
14601    32.0935    1.40853
14701    32.3324    1.40794
14801    32.5611    1.4066
14901    32.8338    1.40563
15001    33.1005    1.40482
15101    33.35    1.40429
15201    33.6212    1.40269
15301    33.8202    1.40197
15401    34.0335    1.40053
15501    34.2975    1.3985
15601    34.5473    1.39803
15701    34.7333    1.39714
15801    34.8873    1.39544
15901    35.1228    1.39465
16001    35.324    1.3929
16101    35.5258    1.39212
16201    35.7557    1.39039
16301    35.9821    1.38864
16401    36.1642    1.38626
16501    36.3839    1.38482
16601    36.5939    1.38258
16701    36.8604    1.38097
16801    37.0863    1.38065
16901    37.2758    1.38041
17001    37.4646    1.38065
17101    37.6928    1.37945
17201    37.9285    1.37859
17301    38.1686    1.37696
17401    38.3884    1.37575
17501    38.584    1.37492
17601    38.7443    1.3748
17701    38.9855    1.37541
17801    39.1595    1.37561
17901    39.3889    1.37422
18001    39.5996    1.37285
18101    39.8456    1.37238
18201    40.1011    1.37245
18301    40.3018    1.37128
18401    40.5761    1.37089
18501    40.8402    1.36973
18601    41.0847    1.36961
18701    41.311    1.36943
18801    41.5369    1.36908
18901    41.763    1.36834
19001    41.9956    1.36702
19101    42.2746    1.36554
19201    42.5108    1.36469
19301    42.7134    1.36432
19401    42.95    1.36317
19501    43.1495    1.36169
19601    43.3903    1.36042
19701    43.6071    1.35982
19801    43.8535    1.35787
19901    44.1135    1.35739
20001    44.3371    1.3574
20101    44.5708    1.3581
20201    44.8133    1.35688
20301    45.0542    1.35662
20401    45.234    1.35566
20501    45.4672    1.35531
20601    45.6785    1.35447
20701    45.9286    1.35348
20801    46.1809    1.35204
20901    46.4566    1.35131
21001    46.673    1.35027
21101    46.858    1.34919
21201    47.1232    1.34828
21301    47.3874    1.34667
21401    47.5617    1.34603
21501    47.751    1.34566
21601    47.925    1.34471
21701    48.1404    1.34483
21801    48.3974    1.34466
21901    48.6212    1.3439
22001    48.8628    1.34347
22101    49.1347    1.34213
22201    49.3486    1.34185
22301    49.5254    1.34211
22401    49.7688    1.34136
22501    50.0136    1.34084
22601    50.2633    1.34069
22701    50.4751    1.34068
22801    50.6442    1.34046
22901    50.8733    1.34071
23001    51.0508    1.33974
23101    51.272    1.33951
23201    51.5309    1.33914
23301    51.7727    1.33901
23401    52.022    1.33902
23501    52.2778    1.33883
23601    52.5373    1.33885
23701    52.8059    1.33912
23801    53.07    1.33881
23901    53.3222    1.33831
24001    53.5078    1.33819
24101    53.6653    1.33809
24201    53.9331    1.33762
24301    54.1793    1.33648
24401    54.4105    1.33629
24501    54.6365    1.3366
24601    54.8041    1.33645
24701    54.9996    1.33574
24801    55.246    1.33525
24901    55.5153    1.33541
25001    55.7572    1.3353
25101    55.9851    1.33501
25201    56.2625    1.33442
25301    56.4407    1.33393
25401    56.6826    1.33325
25501    56.8819    1.33249
25601    57.1073    1.33177
25701    57.311    1.33109
25801    57.5848    1.33026
25901    57.815    1.32969
26001    58.069    1.32888
26101    58.3136    1.3281
26201    58.5057    1.32774
26301    58.7574    1.32731
26401    58.9345    1.3271
26501    59.1887    1.32668
26601    59.3779    1.32588
26701    59.5842    1.32569
26801    59.8551    1.32484
26901    60.0673    1.32481
27001    60.2845    1.32424
27101    60.4956    1.3234
27201    60.7362    1.323
27301    60.9023    1.32208
27401    61.1054    1.32091
27501    61.2755    1.32025
27601    61.4742    1.31983
27701    61.6703    1.31948
27801    61.9218    1.31833
27901    62.1742    1.31807
28001    62.4072    1.31742
28101    62.5848    1.31772
28201    62.8371    1.31733
28301    63.1043    1.31697
28401    63.308    1.3167
28501    63.5346    1.31642
28601    63.7846    1.31592
28701    64.037    1.31653
28801    64.2816    1.31667
28901    64.5416    1.31592
29001    64.764    1.31538
29101    64.9737    1.31533
29201    65.1808    1.31498
29301    65.4677    1.31406
29401    65.7259    1.31386
29501    65.9465    1.31363
29601    66.1171    1.31314
29701    66.3248    1.31277
29801    66.4993    1.31235
29901    66.681    1.31198
30001    66.9014    1.31205
30101    67.1205    1.31196
30201    67.3548    1.31214
30301    67.5703    1.31185
30401    67.7807    1.31201
30501    67.9949    1.31184
30601    68.1835    1.31185
30701    68.4397    1.3117
30801    68.652    1.3119
30901    68.8273    1.31155
31001    69.0627    1.3113
31101    69.2847    1.3114
31201    69.5169    1.31121
31301    69.7462    1.31107
31401    69.9577    1.3111
31501    70.2015    1.31121
31601    70.4106    1.31132
31701    70.6522    1.31147
31801    70.8868    1.31142
31901    71.0503    1.31119
32001    71.2616    1.3108
32101    71.5635    1.3107
32201    71.7949    1.31025
32301    72.0111    1.30991
32401    72.218    1.3096
32501    72.455    1.30969
32601    72.7034    1.30927
32701    72.8813    1.30905
32801    73.1747    1.30875
32901    73.4342    1.30884
33001    73.6413    1.30932
33101    73.847    1.30923
33201    74.0862    1.30854
33301    74.3952    1.30861
33401    74.6472    1.3082
33501    74.9112    1.30762
33601    75.1681    1.30709
33701    75.3801    1.3064
33801    75.6204    1.3064
33901    75.8447    1.3065
34001    76.1045    1.30616
34101    76.3161    1.30595
34201    76.5092    1.30568
34301    76.6842    1.30536
34401    76.8721    1.30508
34501    77.0714    1.30514
34601    77.2815    1.30509
34701    77.5158    1.30498
34801    77.7409    1.30438
34901    77.9503    1.30391
35001    78.1112    1.30377
35101    78.3485    1.30315
35201    78.5716    1.30325
35301    78.7862    1.30277
35401    78.9887    1.30252
35501    79.2333    1.3021
35601    79.4692    1.30201
35701    79.734    1.30146
35801    79.9509    1.30142
35901    80.1924    1.3011
36001    80.3847    1.301
36101    80.5819    1.30025
36201    80.7896    1.29992
36301    81.0366    1.29933
36401    81.2653    1.29929
36501    81.5249    1.29894
36601    81.7011    1.29878
36701    81.8682    1.29852
36801    82.1279    1.29814
36901    82.3713    1.29821
37001    82.6059    1.29778
37101    82.8519    1.29741
37201    83.0786    1.297
37301    83.3098    1.29663
37401    83.5809    1.29633
37501    83.8084    1.29594
37601    84.0908    1.29557
37701    84.3634    1.29581
37801    84.5903    1.2956
37901    84.8196    1.29558
38001    85.0129    1.29521
38101    85.1996    1.29506
38201    85.4142    1.29514
38301    85.6455    1.29515
38401    85.8695    1.29482
38501    86.0947    1.29455
38601    86.2979    1.2943
38701    86.5464    1.29387
38801    86.7125    1.2939
38901    86.9067    1.2936
39001    87.1048    1.2932
39101    87.287    1.29282
39201    87.47    1.29271
39301    87.6972    1.29267
39401    87.8994    1.29233
39501    88.0767    1.29229
39601    88.2306    1.29221
39701    88.5155    1.29196
39801    88.6913    1.29162
39901    88.8391    1.29124
40001    89.0666    1.29116
40101    89.2451    1.29119
40201    89.431    1.29084
40301    89.6633    1.2904
40401    89.8819    1.28996
40501    90.0867    1.2894
40601    90.3819    1.28876
40701    90.6543    1.28821
40801    90.8278    1.28801
40901    91.0722    1.28768
41001    91.2924    1.287
41101    91.5521    1.28675
41201    91.7971    1.28668
41301    92.0433    1.28639
41401    92.2909    1.28597
41501    92.5099    1.2858
41601    92.7219    1.28579
41701    92.9562    1.28558
41801    93.201    1.28542
41901    93.4076    1.28542
42001    93.5908    1.28506
42101    93.839    1.28527
42201    94.0707    1.28532
42301    94.3329    1.28507
42401    94.5947    1.28478
42501    94.8478    1.28434
42601    95.0904    1.28391
42701    95.3045    1.2837
42801    95.5519    1.28329
42901    95.7478    1.28324
43001    95.979    1.28257
43101    96.2042    1.28229
43201    96.4159    1.28207
43301    96.6573    1.28176
43401    96.9142    1.28105
43501    97.1556    1.28071
43601    97.3441    1.2804
43701    97.5164    1.28031
43801    97.7905    1.27997
43901    97.976    1.27966
44001    98.1569    1.27951
44101    98.3116    1.27937
44201    98.5002    1.27896
44301    98.6785    1.2786
44401    98.8414    1.27802
44501    99.0792    1.2779
44601    99.3238    1.27774
44701    99.5591    1.27755
44801    99.8213    1.27734
44901    100.07    1.27724
45001    100.307    1.27702
45101    100.511    1.27644
45201    100.695    1.27639
45301    100.94    1.27616
45401    101.169    1.27628
45501    101.417    1.27636
45601    101.628    1.27617
45701    101.869    1.27568
45801    102.146    1.27542
45901    102.415    1.27518
46001    102.623    1.27494
46101    102.879    1.27463
46201    103.066    1.27471
46301    103.253    1.27436
46401    103.435    1.2744
46501    103.614    1.27436
46601    103.82    1.27417
46701    104.009    1.27428
46801    104.167    1.27395
46901    104.342    1.27389
47001    104.522    1.27382
47101    104.759    1.27353
47201    104.992    1.27361
47301    105.246    1.27382
47401    105.474    1.27348
47501    105.709    1.2733
47601    105.929    1.27342
47701    106.16    1.27329
47801    106.392    1.27318
47901    106.6    1.27318
48001    106.83    1.27311
48101    107.056    1.27264
48201    107.239    1.2723
48301    107.438    1.27213
48401    107.665    1.27183
48501    107.939    1.27155
48601    108.153    1.27134
48701    108.423    1.27117
48801    108.638    1.27082
48901    108.877    1.27047
49001    109.1    1.26989
49101    109.329    1.26935
49201    109.538    1.26912
49301    109.746    1.26888
49401    109.91    1.26848
49501    110.13    1.26824
49601    110.332    1.26835
49701    110.582    1.26801
49801    110.822    1.26779
49901    111.094    1.26761
50001    111.363    1.26745
50101    111.561    1.26727
50201    111.795    1.2672
50301    112.02    1.26693
50401    112.246    1.26647
50501    112.437    1.26629
50601    112.622    1.26592
50701    112.876    1.26585
50801    113.121    1.26587
50901    113.382    1.26571
51001    113.636    1.26535
51101    113.868    1.26562
51201    114.099    1.26563
51301    114.324    1.26545
51401    114.527    1.26497
51501    114.774    1.2645
51601    115.025    1.26387
51701    115.286    1.26333
51801    115.536    1.26306
51901    115.73    1.26244
52001    115.911    1.26173
52101    116.125    1.26122
52201    116.313    1.26118
52301    116.497    1.26101
52401    116.665    1.26062
52501    116.839    1.26019
52601    117.074    1.25996
52701    117.326    1.25942
52801    117.572    1.25935
52901    117.801    1.25932
53001    118.043    1.2589
53101    118.211    1.25864
53201    118.425    1.25839
53301    118.619    1.2582
53401    118.828    1.25771
53501    119.033    1.25745
53601    119.242    1.25736
53701    119.465    1.25715
53801    119.721    1.25698
53901    119.949    1.25658
54001    120.141    1.25629
54101    120.354    1.25599
54201    120.546    1.25577
54301    120.738    1.25571
54401    120.921    1.25539
54501    121.085    1.25517
54601    121.315    1.25504
54701    121.498    1.25461
54801    121.694    1.25412
54901    121.949    1.25393
55001    122.151    1.254
55101    122.331    1.25354
55201    122.571    1.25363
55301    122.741    1.25346
55401    122.95    1.2536
55501    123.142    1.25311
55601    123.319    1.25289
55701    123.504    1.25261
55801    123.749    1.25237
55901    123.976    1.25224
56001    124.216    1.25202
56101    124.437    1.25174
56201    124.637    1.25146
56301    124.83    1.25124
56401    125.069    1.25121
56501    125.291    1.25104
56601    125.547    1.25085
56701    125.808    1.25089
56801    126.073    1.25082
56901    126.29    1.2508
57001    126.554    1.25074
57101    126.79    1.25064
57201    127    1.25075
57301    127.231    1.25069
57401    127.481    1.25057
57501    127.727    1.25052
57601    127.895    1.25033
57701    128.109    1.25045
57801    128.334    1.25018
57901    128.522    1.2501
58001    128.723    1.24978
58101    128.916    1.24956
58201    129.093    1.24961
58301    129.295    1.24947
58401    129.476    1.24918
58501    129.697    1.24912
58601    129.918    1.24892
58701    130.163    1.24886
58801    130.382    1.24898
58901    130.583    1.24921
59001    130.834    1.24909
59101    131.1    1.24911
59201    131.333    1.24933
59301    131.581    1.24925
59401    131.815    1.24965
59501    132.094    1.24952
59601    132.333    1.24982
59701    132.494    1.24975
59801    132.704    1.24981
59901    132.891    1.24975
60001    133.093    1.24963
60101    133.348    1.24953
60201    133.593    1.24932
60301    133.814    1.24952
60401    134.059    1.24971
60501    134.301    1.24963
60601    134.54    1.24963
60701    134.74    1.24971
60801    134.914    1.24977
60901    135.161    1.24984
61001    135.415    1.24978
61101    135.671    1.24962
61201    135.916    1.24959
61301    136.138    1.24953
61401    136.404    1.24949
61501    136.578    1.2493
61601    136.778    1.24935
61701    137.038    1.24931
61801    137.268    1.24922
61901    137.506    1.24935
62001    137.758    1.2493
62101    137.981    1.24913
62201    138.212    1.24898
62301    138.394    1.24893
62401    138.557    1.24863
62501    138.731    1.24855
62601    138.99    1.24851
62701    139.187    1.24852
62801    139.398    1.24845
62901    139.563    1.24856
63001    139.737    1.24861
63101    139.972    1.24858
63201    140.146    1.24872
63301    140.369    1.24846
63401    140.622    1.24812
63501    140.874    1.24803
63601    141.112    1.24785
63701    141.285    1.24796
63801    141.563    1.24784
63901    141.827    1.24771
64001    142.041    1.24785
64101    142.327    1.24764
64201    142.527    1.24754
64301    142.697    1.2473
64401    142.923    1.2471
64501    143.184    1.24703
64601    143.402    1.24687
64701    143.63    1.24713
64801    143.891    1.2472
64901    144.113    1.24726
65001    144.373    1.24737
65101    144.643    1.24718
65201    144.843    1.24702
65301    145.101    1.24682
65401    145.28    1.24683
65501    145.559    1.24673
65601    145.813    1.2466
65701    146.049    1.24643
65801    146.203    1.24631
65901    146.463    1.24635
66001    146.705    1.24615
66101    146.926    1.24588
66201    147.164    1.24586
66301    147.403    1.24581
66401    147.677    1.2456
66501    147.884    1.24535
66601    148.131    1.24528
66701    148.389    1.24542
66801    148.644    1.2452
66901    148.892    1.24521
67001    149.124    1.24528
67101    149.382    1.2455
67201    149.638    1.24544
67301    149.889    1.24523
67401    150.094    1.24547
67501    150.306    1.24546
67601    150.49    1.24541
67701    150.713    1.24531
67801    150.884    1.24526
67901    151.049    1.24521
68001    151.251    1.24532
68101    151.468    1.24526
68201    151.733    1.24513
68301    152.004    1.24513
68401    152.197    1.24509
68501    152.443    1.24515
68601    152.699    1.24521
68701    152.949    1.24535
68801    153.207    1.24544
68901    153.407    1.24538
69001    153.616    1.24548
69101    153.821    1.24551
69201    153.995    1.24565
69301    154.214    1.24563
69401    154.489    1.24575
69501    154.742    1.24577
69601    154.966    1.24577
69701    155.161    1.24555
69801    155.335    1.24554
69901    155.557    1.24555
70001    155.744    1.24537
70101    156.009    1.24531
70201    156.285    1.24511
70301    156.543    1.24504
70401    156.759    1.24497
70501    157.052    1.24488
70601    157.316    1.24476
70701    157.553    1.24482
70801    157.778    1.24486
70901    158.038    1.24494
71001    158.283    1.2451
71101    158.547    1.24498
71201    158.748    1.24487
71301    158.971    1.24483
71401    159.135    1.24493
71501    159.31    1.24509
71601    159.499    1.24516
71701    159.735    1.24525
71801    159.94    1.24527
71901    160.113    1.2455
72001    160.3    1.24553
72101    160.534    1.24551
72201    160.698    1.24534
72301    160.957    1.24536
72401    161.209    1.24522
72501    161.463    1.24508
72601    161.735    1.24479
72701    161.997    1.24466
72801    162.292    1.24434
72901    162.488    1.24416
73001    162.722    1.24406
73101    162.975    1.2439
73201    163.22    1.24382
73301    163.478    1.24387
73401    163.726    1.24367
73501    163.964    1.24338
73601    164.182    1.24312
73701    164.444    1.24288
73801    164.684    1.24259
73901    164.923    1.2428
74001    165.146    1.24267
74101    165.404    1.24243
74201    165.678    1.24233
74301    165.93    1.24252
74401    166.19    1.24226
74501    166.446    1.24212
74601    166.715    1.242
74701    166.929    1.24204
74801    167.174    1.24211
74901    167.452    1.2421
75001    167.702    1.24172
75101    167.952    1.24153
75201    168.218    1.24121
75301    168.476    1.24122
75401    168.731    1.24124
75501    168.971    1.24111
75601    169.208    1.24131
75701    169.447    1.24108
75801    169.712    1.24086
75901    169.936    1.24095
76001    170.148    1.24084
76101    170.401    1.24086
76201    170.608    1.24074
76301    170.874    1.24086
76401    171.101    1.24065
76501    171.259    1.2406
76601    171.511    1.24043
76701    171.727    1.24042
76801    171.97    1.24027
76901    172.119    1.24011
77001    172.324    1.24008
77101    172.479    1.23987
77201    172.697    1.23959
77301    172.921    1.23935
77401    173.129    1.23917
77501    173.325    1.23905
77601    173.507    1.23903
77701    173.765    1.23904
77801    173.965    1.23904
77901    174.17    1.23923
78001    174.369    1.23884
78101    174.528    1.23871
78201    174.704    1.23859
78301    174.879    1.23848
78401    175.077    1.23842
78501    175.263    1.23828
78601    175.488    1.23831
78701    175.678    1.23831
78801    175.851    1.23835
78901    176.039    1.23841
79001    176.279    1.23833
79101    176.469    1.23831
79201    176.716    1.23817
79301    176.946    1.23811
79401    177.186    1.23799
79501    177.432    1.23788
79601    177.641    1.23775
79701    177.899    1.23779
79801    178.185    1.2376
79901    178.428    1.23763
80001    178.627    1.23757
80101    178.804    1.23761
80201    179.064    1.23747
80301    179.312    1.23753
80401    179.581    1.23749
80501    179.836    1.23749
80601    180.099    1.23738
80701    180.321    1.23738
80801    180.581    1.2375
80901    180.807    1.23747
81001    181.018    1.2375
81101    181.218    1.23752
81201    181.447    1.23759
81301    181.634    1.23772
81401    181.844    1.23781
81501    182.067    1.2377
81601    182.225    1.23769
81701    182.425    1.23767
81801    182.64    1.23766
81901    182.832    1.23767
82001    183.045    1.23759
82101    183.278    1.23737
82201    183.465    1.23734
82301    183.632    1.23739
82401    183.812    1.23739
82501    184.028    1.23727
82601    184.285    1.23719
82701    184.558    1.23717
82801    184.806    1.23706
82901    185.053    1.23708
83001    185.254    1.23683
83101    185.479    1.23667
83201    185.686    1.23667
83301    185.875    1.23662
83401    186.102    1.23644
83501    186.3    1.23643
83601    186.47    1.23624
83701    186.677    1.23624
83801    186.922    1.23604
83901    187.173    1.23593
84001    187.413    1.23591
84101    187.581    1.23571
84201    187.775    1.23563
84301    187.948    1.2356
84401    188.175    1.23557
84501    188.424    1.23545
84601    188.66    1.23526
84701    188.817    1.23504
84801    189.051    1.23492
84901    189.22    1.23486
85001    189.455    1.2348
85101    189.668    1.23459
85201    189.886    1.23431
85301    190.084    1.23404
85401    190.34    1.2338
85501    190.524    1.23388
85601    190.784    1.2337
85701    191.038    1.2336
85801    191.241    1.23358
85901    191.436    1.23317
86001    191.663    1.23317
86101    191.873    1.23312
86201    192.089    1.23328
86301    192.282    1.23323
86401    192.501    1.23314
86501    192.729    1.23307
86601    192.951    1.23279
86701    193.121    1.23256
86801    193.388    1.23244
86901    193.6    1.23215
87001    193.765    1.23197
87101    193.925    1.23173
87201    194.081    1.23164
87301    194.315    1.23155
87401    194.499    1.23141
87501    194.707    1.23121
87601    194.923    1.23124
87701    195.157    1.2312
87801    195.408    1.231
87901    195.682    1.23086
88001    195.933    1.23073
88101    196.109    1.23075
88201    196.355    1.23045
88301    196.528    1.23043
88401    196.726    1.23023
88501    196.924    1.23015
88601    197.169    1.22995
88701    197.38    1.22992
88801    197.579    1.22967
88901    197.773    1.22953
89001    198.016    1.22963
89101    198.207    1.22954
89201    198.456    1.22927
89301    198.667    1.22914
89401    198.841    1.22904
89501    199.037    1.2289
89601    199.231    1.22873
89701    199.462    1.22869
89801    199.702    1.22865
89901    199.867    1.22849
90001    200.031    1.22844
90101    200.236    1.22837
90201    200.428    1.22833
90301    200.681    1.2282
90401    200.858    1.22809
90501    201.054    1.22816
90601    201.237    1.22797
90701    201.389    1.22799
90801    201.57    1.2281
90901    201.778    1.22815
91001    201.963    1.22804
91101    202.172    1.22794
91201    202.387    1.22779
91301    202.641    1.22763
91401    202.871    1.22755
91501    203.056    1.22734
91601    203.282    1.22737
91701    203.505    1.22723
91801    203.751    1.2271
91901    203.968    1.22708
92001    204.162    1.22705
92101    204.364    1.22721
92201    204.595    1.22722
92301    204.756    1.22729
92401    204.94    1.22754
92501    205.159    1.22743
92601    205.344    1.22755
92701    205.524    1.22763
92801    205.742    1.22756
92901    205.936    1.22751
93001    206.146    1.22744
93101    206.377    1.22737
93201    206.601    1.22731
93301    206.835    1.2273
93401    207.039    1.2273
93501    207.249    1.22713
93601    207.52    1.22711
93701    207.735    1.22707
93801    207.925    1.22695
93901    208.172    1.22696
94001    208.39    1.22694
94101    208.589    1.22693
94201    208.865    1.22693
94301    209.142    1.22693
94401    209.402    1.22684
94501    209.61    1.22677
94601    209.776    1.22662
94701    210.027    1.22653
94801    210.277    1.22635
94901    210.49    1.22623
95001    210.68    1.22615
95101    210.855    1.22619
95201    211.084    1.22606
95301    211.266    1.22596
95401    211.519    1.22579
95501    211.803    1.22554
95601    212.055    1.22548
95701    212.231    1.22549
95801    212.467    1.22533
95901    212.696    1.2253
96001    212.923    1.22526
96101    213.173    1.2252
96201    213.366    1.22507
96301    213.541    1.22509
96401    213.731    1.22509
96501    213.902    1.22515
96601    214.146    1.22516
96701    214.373    1.22517
96801    214.62    1.22508
96901    214.799    1.22524
97001    215.031    1.22509
97101    215.229    1.22492
97201    215.397    1.22495
97301    215.604    1.2249
97401    215.84    1.22489
97501    216.065    1.22507
97601    216.224    1.22508
97701    216.438    1.22491
97801    216.621    1.22469
97901    216.777    1.22472
98001    217.01    1.22459
98101    217.223    1.22475
98201    217.481    1.22452
98301    217.706    1.2245
98401    217.914    1.22435
98501    218.135    1.2244
98601    218.38    1.22434
98701    218.646    1.22432
98801    218.888    1.22429
98901    219.147    1.22422
99001    219.412    1.22417
99101    219.623    1.22441
99201    219.9    1.22438
99301    220.172    1.22419
99401    220.444    1.22407
99501    220.707    1.22398
99601    220.966    1.22384
99701    221.231    1.22366
99801    221.47    1.22364
99901    221.68    1.22376
100001    221.918    1.22377
100101    222.107    1.22386
100201    222.338    1.22391
100301    222.567    1.22398
100401    222.742    1.22393
100501    222.993    1.22399
100601    223.172    1.22398
100701    223.428    1.22409
100801    223.697    1.22403
100901    223.935    1.22411
101001    224.106    1.22413
101101    224.327    1.22408
101201    224.529    1.22409
101301    224.759    1.22422
101401    224.996    1.22433
101501    225.219    1.22425
101601    225.478    1.22424
101701    225.714    1.22435
101801    225.938    1.22438
101901    226.195    1.22449
102001    226.46    1.22429
102101    226.681    1.22425
102201    226.908    1.22434
102301    227.114    1.22437
102401    227.333    1.22446
102501    227.535    1.22453
102601    227.741    1.22445
102701    227.942    1.22447
102801    228.198    1.22431
102901    228.428    1.22427
103001    228.637    1.2243
103101    228.873    1.22422
103201    229.126    1.22415
103301    229.38    1.22411
103401    229.627    1.22411
103501    229.834    1.22415
103601    230.066    1.22404
103701    230.327    1.22398
103801    230.553    1.22392
103901    230.754    1.22381
104001    231.011    1.2237
104101    231.197    1.2236
104201    231.434    1.22358
104301    231.666    1.22368
104401    231.906    1.22365
104501    232.164    1.22359
104601    232.405    1.22344
104701    232.659    1.22333
104801    232.928    1.22329
104901    233.147    1.22318
105001    233.365    1.22306
105101    233.626    1.22295
105201    233.848    1.22279
105301    234.082    1.2226
105401    234.324    1.22254
105501    234.534    1.22239
105601    234.769    1.22241
105701    235.007    1.22231
105801    235.266    1.22234
105901    235.51    1.22226
106001    235.707    1.22221
106101    235.95    1.22213
106201    236.192    1.22221
106301    236.36    1.22219
106401    236.58    1.2222
106501    236.8    1.22213
106601    237.007    1.22203
106701    237.229    1.22192
106801    237.427    1.22188
106901    237.644    1.22185
107001    237.861    1.22194
107101    238.026    1.22172
107201    238.25    1.22163
107301    238.472    1.22167
107401    238.652    1.22152
107501    238.902    1.2216
107601    239.111    1.22146
107701    239.392    1.22148
107801    239.599    1.22137
107901    239.785    1.22117
108001    240.021    1.22111
108101    240.215    1.22101
108201    240.396    1.22112
108301    240.592    1.22098
108401    240.804    1.22092
108501    240.998    1.221
108601    241.18    1.22102
108701    241.429    1.22111
108801    241.626    1.22097
108901    241.809    1.2209
109001    241.998    1.22076
109101    242.242    1.22069
109201    242.514    1.22056
109301    242.776    1.22051
109401    243.054    1.22028
109501    243.218    1.22015
109601    243.362    1.22009
109701    243.534    1.21998
109801    243.785    1.21989
109901    244.013    1.21983
110001    244.218    1.21978
110101    244.407    1.21973
110201    244.57    1.21978
110301    244.795    1.21968
110401    245.032    1.21969
110501    245.271    1.21984
110601    245.523    1.21972
110701    245.739    1.21974
110801    245.939    1.21979
110901    246.107    1.21976
111001    246.321    1.21958
111101    246.521    1.21938
111201    246.748    1.21934
111301    246.915    1.21928
111401    247.125    1.2192
111501    247.289    1.2193
111601    247.544    1.21918
111701    247.805    1.2192
111801    248.007    1.21913
111901    248.159    1.21915
112001    248.394    1.219
112101    248.592    1.21884
112201    248.871    1.21875
112301    249.112    1.21861
112401    249.376    1.21855
112501    249.63    1.21851
112601    249.877    1.21844
112701    250.153    1.21824
112801    250.441    1.21814
112901    250.691    1.21795
113001    250.888    1.21787
113101    251.073    1.21785
113201    251.298    1.21774
113301    251.554    1.21769
113401    251.832    1.2176
113501    252.005    1.21754
113601    252.251    1.21748
113701    252.505    1.2175
113801    252.747    1.21738
113901    252.971    1.21729
114001    253.221    1.21743
114101    253.484    1.21751
114201    253.718    1.21756
114301    253.951    1.2176
114401    254.123    1.21758
114501    254.378    1.21749
114601    254.614    1.21739
114701    254.865    1.21725
114801    255.122    1.21712
114901    255.348    1.21703
115001    255.617    1.21695
115101    255.873    1.2168
115201    256.129    1.21648
115301    256.385    1.21642
115401    256.609    1.21629
115501    256.817    1.21607
115601    257.023    1.21593
115701    257.225    1.21582
115801    257.425    1.21558
115901    257.667    1.2154
116001    257.91    1.21514
116101    258.155    1.21511
116201    258.383    1.21503
116301    258.652    1.21503
116401    258.848    1.21502
116501    259.095    1.21507
116601    259.312    1.2151
116701    259.535    1.21515
116801    259.797    1.21503
116901    260.009    1.21509
117001    260.169    1.21494
117101    260.427    1.21487
117201    260.681    1.21484
117301    260.833    1.21465
117401    261.097    1.21462
117501    261.342    1.21456
117601    261.525    1.21454
117701    261.684    1.21464
117801    261.885    1.21477
117901    262.103    1.21479
118001    262.386    1.21479
118101    262.651    1.21474
118201    262.831    1.21463
118301    263.084    1.2147
118401    263.253    1.21473
118501    263.427    1.21478
118601    263.687    1.21469
118701    263.847    1.21474
118801    264.089    1.21478
118901    264.345    1.21479
119001    264.573    1.21465
119101    264.739    1.21462
119201    264.991    1.2146
119301    265.242    1.21453
119401    265.497    1.21447
119501    265.736    1.21449
119601    266.012    1.21453
119701    266.259    1.21439
119801    266.444    1.21423
119901    266.703    1.2142
120001    266.935    1.21401
120101    267.217    1.21391
120201    267.437    1.21382
120301    267.701    1.21382
120401    267.964    1.21387
120501    268.225    1.21382
120601    268.488    1.2139
120701    268.731    1.2139
120801    268.949    1.21385
120901    269.153    1.21379
121001    269.392    1.21373
121101    269.642    1.21376
121201    269.88    1.21373
121301    270.146    1.21371
121401    270.389    1.21369
121501    270.663    1.21382
121601    270.885    1.21381
121701    271.13    1.21374
121801    271.414    1.21366
121901    271.643    1.2136
122001    271.91    1.21357
122101    272.182    1.21363
122201    272.437    1.2137
122301    272.681    1.21379
122401    272.947    1.21381
122501    273.184    1.21379
122601    273.445    1.21377
122701    273.643    1.21361
122801    273.898    1.21364
122901    274.132    1.2135
123001    274.41    1.2135
123101    274.643    1.21349
123201    274.898    1.2135
123301    275.152    1.21343
123401    275.382    1.21342
123501    275.601    1.21344
123601    275.806    1.21341
123701    275.983    1.21342
123801    276.223    1.21328
123901    276.471    1.2132
124001    276.687    1.21322
124101    276.929    1.21321
124201    277.14    1.21319
124301    277.326    1.21325
124401    277.503    1.21329
124501    277.654    1.21331
124601    277.884    1.21331
124701    278.115    1.21325
124801    278.357    1.21328
124901    278.579    1.2133
125001    278.813    1.2133
125101    279.07    1.21329
125201    279.26    1.21322
125301    279.448    1.21316
125401    279.673    1.21316
125501    279.887    1.21313
125601    280.105    1.2131
125701    280.361    1.21301
125801    280.609    1.21312
125901    280.798    1.21293
126001    280.976    1.21288
126101    281.158    1.21284
126201    281.35    1.21275
126301    281.583    1.21264
126401    281.833    1.21255
126501    282.084    1.21249
126601    282.325    1.21247
126701    282.594    1.21242
126801    282.866    1.21247
126901    283.074    1.21249
127001    283.309    1.21257
127101    283.49    1.21249
127201    283.719    1.21246
127301    283.937    1.21253
127401    284.152    1.21241
127501    284.358    1.21229
127601    284.593    1.21226
127701    284.862    1.21214
127801    285.056    1.21203
127901    285.285    1.21192
128001    285.467    1.21181
128101    285.674    1.2118
128201    285.902    1.21175
128301    286.102    1.21178
128401    286.324    1.21175
128501    286.58    1.21176
128601    286.838    1.21179
128701    287.004    1.21173
128801    287.212    1.21169
128901    287.384    1.21169
129001    287.606    1.21154
129101    287.823    1.21137
129201    288.062    1.2113
129301    288.227    1.21137
129401    288.425    1.21131
129501    288.595    1.21122
129601    288.769    1.21118
129701    288.976    1.21113
129801    289.149    1.21106
129901    289.352    1.211
130001    289.553    1.21096
130101    289.719    1.21095
130201    289.97    1.21083
130301    290.193    1.21076
130401    290.387    1.21076
130501    290.625    1.21071
130601    290.844    1.21061
130701    291.041    1.21057
130801    291.235    1.21052
130901    291.442    1.21048
131001    291.635    1.21045
131101    291.903    1.21041
131201    292.102    1.21044
131301    292.28    1.21041
131401    292.465    1.21037
131501    292.637    1.21032
131601    292.852    1.21031
131701    293.085    1.21025
131801    293.277    1.21021
131901    293.483    1.21007
132001    293.633    1.20993
132101    293.824    1.20974
132201    294.019    1.20968
132301    294.229    1.2098
132401    294.416    1.20963
132501    294.607    1.20959
132601    294.772    1.2096
132701    294.951    1.20947
132801    295.174    1.20931
132901    295.388    1.20909
133001    295.586    1.20895
133101    295.816    1.20891
133201    295.991    1.20874
133301    296.171    1.20854
133401    296.397    1.20845
133501    296.571    1.2084
133601    296.76    1.20847
133701    296.954    1.20836
133801    297.202    1.20827
133901    297.514    1.20818
134001    297.741    1.2082
134101    297.978    1.2082
134201    298.255    1.20827
134301    298.433    1.20843
134401    298.62    1.20836
134501    298.835    1.20836
134601    299.06    1.2083
134701    299.265    1.20825
134801    299.53    1.20822
134901    299.802    1.20834
135001    300.062    1.20835
135101    300.314    1.20844
135201    300.565    1.20841
135301    300.771    1.20842
135401    301.031    1.20848
135501    301.293    1.20853
135601    301.543    1.20852
135701    301.799    1.20861
135801    302.024    1.20867
135901    302.216    1.20874
136001    302.416    1.2088
136101    302.626    1.20885
136201    302.835    1.20883
136301    303.082    1.20878
136401    303.364    1.20878
136501    303.608    1.20877
136601    303.778    1.2087
136701    304.005    1.20865
136801    304.264    1.20864
136901    304.527    1.20868
137001    304.767    1.20871
137101    305.005    1.20876
137201    305.275    1.20874
137301    305.528    1.20874
137401    305.779    1.20876
137501    305.991    1.20874
137601    306.165    1.20872
137701    306.327    1.20873
137801    306.507    1.20877
137901    306.679    1.20869
138001    306.951    1.20855
138101    307.186    1.20863
138201    307.402    1.20857
138301    307.641    1.20852
138401    307.852    1.20843
138501    308.118    1.20836
138601    308.362    1.20834
138701    308.629    1.20834
138801    308.877    1.20824
138901    309.163    1.20818
139001    309.399    1.20817
139101    309.675    1.20815
139201    309.889    1.20811
139301    310.109    1.2081
139401    310.367    1.20813
139501    310.636    1.20809
139601    310.901    1.20799
139701    311.164    1.20794
139801    311.393    1.20788
139901    311.611    1.20782
140001    311.852    1.20782
140101    312.095    1.20777
140201    312.374    1.20773
140301    312.625    1.20778
140401    312.861    1.20776
140501    313.078    1.20763
140601    313.276    1.20762
140701    313.445    1.20751
140801    313.617    1.20744
140901    313.817    1.20741
141001    314.065    1.20734
141101    314.256    1.20721
141201    314.45    1.20714
141301    314.686    1.20712
141401    314.88    1.20704
141501    315.066    1.207
141601    315.251    1.20702
141701    315.486    1.20698
141801    315.756    1.20687
141901    316.02    1.20686
142001    316.289    1.20681
142101    316.555    1.2068
142201    316.756    1.20675
142301    316.986    1.20679
142401    317.208    1.20674
142501    317.385    1.20679
142601    317.577    1.2068
142701    317.83    1.20681
142801    318.074    1.20682
142901    318.298    1.20685
143001    318.491    1.20683
143101    318.686    1.20678
143201    318.855    1.2068
143301    319.11    1.20679
143401    319.298    1.20681
143501    319.455    1.20686
143601    319.622    1.20686
143701    319.882    1.20687
143801    320.075    1.20683
143901    320.261    1.20676
144001    320.464    1.20669
144101    320.722    1.20664
144201    320.972    1.20668
144301    321.208    1.2066
144401    321.435    1.20657
144501    321.638    1.20657
144601    321.844    1.20648
144701    322.087    1.2065
144801    322.321    1.20646
144901    322.526    1.20638
145001    322.771    1.20639
145101    323.008    1.20628
145201    323.275    1.20625
145301    323.542    1.20629
145401    323.802    1.20629
145501    324.018    1.20631
145601    324.276    1.20633
145701    324.525    1.20636
145801    324.767    1.20651
145901    324.972    1.20655
146001    325.196    1.20659
146101    325.412    1.20657
146201    325.662    1.20653
146301    325.885    1.20646
146401    326.136    1.20653
146501    326.287    1.20649
146601    326.471    1.20647
146701    326.681    1.20645
146801    326.883    1.20646
146901    327.059    1.20644
147001    327.212    1.20635
147101    327.429    1.20625
147201    327.656    1.20635
147301    327.856    1.20641
147401    328.03    1.20633
147501    328.214    1.20636
147601    328.433    1.20634
147701    328.657    1.20645
147801    328.891    1.20639
147901    329.106    1.2063
148001    329.285    1.20629