1    0.003862    1.87106
101    0.214961    1.9589
201    0.385421    1.98391
301    0.571666    1.96311
401    0.800052    1.95761
501    1.02877    1.95104
601    1.24812    1.95234
701    1.48498    1.96328
801    1.7091    1.97698
901    1.95377    1.98616
1001    2.16746    1.98381
1101    2.4109    1.98034
1201    2.65751    1.98263
1301    2.93515    1.98268
1401    3.16508    1.98538
1501    3.42573    1.98797
1601    3.68434    1.98944
1701    3.97331    1.99023
1801    4.22229    1.98875
1901    4.47356    1.99187
2001    4.68104    1.99376
2101    4.92534    1.99854
2201    5.21994    1.99744
2301    5.46009    2.0009
2401    5.68262    2.00572
2501    5.93533    2.00926
2601    6.20396    2.01197
2701    6.45171    2.01315
2801    6.70143    2.0144
2901    6.96129    2.01558
3001    7.20985    2.01598
3101    7.45678    2.01645
3201    7.72229    2.01776
3301    7.93914    2.02
3401    8.13892    2.02064
3501    8.35959    2.02148
3601    8.57837    2.02441
3701    8.78166    2.02721
3801    8.94614    2.03063
3901    9.16512    2.03383
4001    9.43145    2.03426
4101    9.66302    2.03419
4201    9.86133    2.03408
4301    10.0766    2.03537
4401    10.3048    2.03528
4501    10.5645    2.03507
4601    10.7844    2.03359
4701    11.0022    2.03289
4801    11.2506    2.03384
4901    11.4536    2.03339
5001    11.648    2.03344
5101    11.8622    2.03309
5201    12.1018    2.03269
5301    12.3603    2.03185
5401    12.6051    2.03141
5501    12.8482    2.03039
5601    13.0698    2.03071
5701    13.3287    2.03059
5801    13.5711    2.03055
5901    13.8439    2.0295
6001    14.0913    2.02877
6101    14.2636    2.02858
6201    14.4748    2.02838
6301    14.6767    2.02803
6401    14.9091    2.02719
6501    15.111    2.02709
6601    15.3804    2.02602
6701    15.6136    2.02559
6801    15.8218    2.02595
6901    16.0368    2.02568
7001    16.2799    2.02426
7101    16.5028    2.02368
7201    16.7394    2.02397
7301    17.0007    2.02405
7401    17.236    2.02422
7501    17.5154    2.02448
7601    17.6952    2.02409
7701    17.9468    2.02362
7801    18.1964    2.02243
7901    18.4512    2.02131
8001    18.6123    2.02009
8101    18.7629    2.01937
8201    18.9282    2.01953
8301    19.0834    2.01972
8401    19.2789    2.0199
8501    19.5358    2.02023
8601    19.8039    2.02036
8701    20.0588    2.02056
8801    20.2723    2.02025
8901    20.4825    2.02002
9001    20.6859    2.01958
9101    20.9028    2.01877
9201    21.1025    2.01903
9301    21.3042    2.01925
9401    21.4994    2.01918
9501    21.7288    2.01802
9601    21.921    2.01772
9701    22.1507    2.01707
9801    22.3842    2.01659
9901    22.6586    2.0163
10001    22.9217    2.01564
10101    23.1603    2.01541
10201    23.4132    2.01454
10301    23.6721    2.01378
10401    23.91    2.01341
10501    24.1638    2.01288
10601    24.3513    2.01276
10701    24.5383    2.01269
10801    24.7698    2.01247
10901    25.0221    2.01234
11001    25.2889    2.01195
11101    25.5358    2.01122
11201    25.6974    2.01054
11301    25.8677    2.00999
11401    26.0525    2.00967
11501    26.2733    2.00899
11601    26.4678    2.00856
11701    26.722    2.00852
11801    26.9643    2.00791
11901    27.2207    2.00745
12001    27.4685    2.00692
12101    27.7018    2.00669
12201    27.9321    2.00661
12301    28.1079    2.00659
12401    28.2651    2.00657
12501    28.482    2.00689
12601    28.6889    2.00659
12701    28.9208    2.00674
12801    29.1173    2.00643
12901    29.3103    2.00643
13001    29.5179    2.00697
13101    29.743    2.0075
13201    29.9456    2.00777
13301    30.1818    2.00793
13401    30.4169    2.00846
13501    30.6367    2.00892
13601    30.8602    2.00854
13701    31.1017    2.00854
13801    31.2835    2.00849
13901    31.5243    2.00853
14001    31.7155    2.008
14101    31.9096    2.00741
14201    32.1218    2.00647
14301    32.3399    2.00562
14401    32.5263    2.00533
14501    32.6983    2.00514
14601    32.9086    2.005
14701    33.1004    2.00439
14801    33.2883    2.00414
14901    33.5095    2.00392
15001    33.7428    2.00402
15101    33.9459    2.00397
15201    34.2124    2.00414
15301    34.407    2.00404
15401    34.6313    2.00337
15501    34.8653    2.00292
15601    35.1097    2.0024
15701    35.3463    2.00203
15801    35.6271    2.0018
15901    35.8363    2.00159
16001    36.0383    2.00136
16101    36.2739    2.00149
16201    36.5294    2.00157
16301    36.7533    2.00169
16401    36.9947    2.00195
16501    37.2506    2.00215
16601    37.4689    2.00203
16701    37.6703    2.00178
16801    37.9201    2.00192
16901    38.1513    2.00153
17001    38.3852    2.00097
17101    38.5974    2.00085
17201    38.7908    2.00042
17301    38.997    1.99989
17401    39.2395    1.99979
17501    39.4198    1.99994
17601    39.6052    1.99993
17701    39.8366    1.99946
17801    40.0786    1.99945
17901    40.3123    1.99931
18001    40.5551    1.9992
18101    40.7831    1.99854
18201    41.0379    1.99815
18301    41.2277    1.99779
18401    41.467    1.99768
18501    41.6675    1.99731
18601    41.9008    1.99697
18701    42.1109    1.99682
18801    42.3438    1.9966
18901    42.5781    1.99608
19001    42.8356    1.99614
19101    43.0831    1.99597
19201    43.3535    1.99577
19301    43.6003    1.99534
19401    43.8307    1.99485
19501    44.0417    1.99455
19601    44.2443    1.99453
19701    44.5231    1.99454
19801    44.7161    1.99438
19901    44.9062    1.99409
20001    45.0888    1.99351
20101    45.274    1.99286
20201    45.4641    1.99229
20301    45.6914    1.99168
20401    45.975    1.99101
20501    46.2435    1.99083
20601    46.4988    1.9908
20701    46.7121    1.99064
20801    46.9672    1.99042
20901    47.2524    1.99006
21001    47.5013    1.98953
21101    47.7144    1.98924
21201    47.9363    1.98896
21301    48.1601    1.98862
21401    48.4042    1.98845
21501    48.6557    1.98799
21601    48.9338    1.98761
21701    49.172    1.98726
21801    49.3957    1.98719
21901    49.6436    1.98703
22001    49.9058    1.98674
22101    50.1291    1.98622
22201    50.3196    1.98589
22301    50.5597    1.98562
22401    50.783    1.98549
22501    51.0153    1.98549
22601    51.2502    1.9853
22701    51.436    1.98512
22801    51.6408    1.98494
22901    51.8316    1.98477
23001    52.0416    1.98486
23101    52.2981    1.9848
23201    52.5588    1.9847
23301    52.8202    1.98461
23401    53.0555    1.9845
23501    53.2784    1.98441
23601    53.4868    1.98407
23701    53.6684    1.98393
23801    53.8536    1.98361
23901    54.0432    1.98337
24001    54.2603    1.9831
24101    54.4671    1.983
24201    54.6389    1.9828
24301    54.8659    1.98257
24401    55.15    1.98237
24501    55.4007    1.98234
24601    55.6105    1.98239
24701    55.8539    1.98242
24801    56.0594    1.98241
24901    56.3007    1.98231
25001    56.5531    1.98233
25101    56.8117    1.98194
25201    57.0141    1.98167
25301    57.1828    1.98145
25401    57.3803    1.98135
25501    57.6026    1.98144
25601    57.8394    1.98125
25701    58.0771    1.98107
25801    58.3245    1.98103
25901    58.5824    1.98115
26001    58.8246    1.98107
26101    59.0594    1.98104
26201    59.3054    1.98105
26301    59.5381    1.98114
26401    59.7749    1.98113
26501    59.9828    1.98113
26601    60.1918    1.98103
26701    60.4022    1.98092
26801    60.5927    1.9808
26901    60.8166    1.9807
27001    61.021    1.9805
27101    61.245    1.98048
27201    61.4431    1.98063
27301    61.6559    1.98092
27401    61.9108    1.98119
27501    62.1064    1.98137
27601    62.3659    1.98146
27701    62.5323    1.98171
27801    62.7367    1.98186
27901    62.9589    1.98208
28001    63.1578    1.98227
28101    63.3903    1.98251
28201    63.5631    1.98262
28301    63.7701    1.98255
28401    64.0263    1.98243
28501    64.3035    1.98221
28601    64.5754    1.98199
28701    64.7554    1.98184
28801    65.0046    1.98176
28901    65.2516    1.98156
29001    65.4431    1.98149
29101    65.6465    1.98122
29201    65.9103    1.98092
29301    66.13    1.98076
29401    66.3237    1.98063
29501    66.5014    1.98055
29601    66.7281    1.98046
29701    66.9307    1.98026
29801    67.1839    1.98002
29901    67.4452    1.97985
30001    67.6515    1.97984
30101    67.8643    1.9799
30201    68.0725    1.97988
30301    68.2617    1.97983
30401    68.4448    1.97977
30501    68.6215    1.97982
30601    68.8464    1.97978
30701    69.1028    1.97964
30801    69.3481    1.97956
30901    69.5524    1.97947
31001    69.7572    1.97946
31101    70.0063    1.97939
31201    70.2319    1.97938
31301    70.5345    1.97932
31401    70.7855    1.97936
31501    71.0072    1.97957
31601    71.2721    1.97978
31701    71.4756    1.97978
31801    71.6728    1.97988
31901    71.923    1.9801
32001    72.1985    1.98004
32101    72.4244    1.97998
32201    72.6708    1.97992
32301    72.9086    1.97988
32401    73.1729    1.97975
32501    73.4185    1.9796
32601    73.6197    1.97957
32701    73.8753    1.97961
32801    74.1357    1.97952
32901    74.319    1.97936
33001    74.5355    1.97917
33101    74.8244    1.97903
33201    75.0758    1.97875
33301    75.3271    1.97858
33401    75.609    1.9784
33501    75.842    1.97834
33601    76.074    1.97823
33701    76.2727    1.97816
33801    76.5071    1.97805
33901    76.7532    1.97793
34001    76.9874    1.97788
34101    77.2262    1.97777
34201    77.3888    1.97775
34301    77.6132    1.97766
34401    77.7926    1.97756
34501    77.9562    1.97743
34601    78.1496    1.97734
34701    78.3949    1.97716
34801    78.6521    1.97714
34901    78.8743    1.97709
35001    79.1051    1.97706
35101    79.3258    1.97703
35201    79.5857    1.977
35301    79.8775    1.97691
35401    80.094    1.97682
35501    80.299    1.97669
35601    80.5224    1.97656
35701    80.7926    1.97652
35801    80.9694    1.97638
35901    81.1576    1.97631
36001    81.4244    1.97613
36101    81.5864    1.97597
36201    81.7759    1.97595
36301    82.0263    1.9759
36401    82.2791    1.97592
36501    82.4898    1.97596
36601    82.7638    1.97596
36701    82.9858    1.976
36801    83.2338    1.97601
36901    83.4538    1.97596
37001    83.6393    1.97593
37101    83.8684    1.97578
37201    84.1163    1.97574
37301    84.3744    1.97568
37401    84.5579    1.97566
37501    84.761    1.97571
37601    84.9783    1.97564
37701    85.1512    1.97564
37801    85.3659    1.97543
37901    85.5467    1.97518
38001    85.7224    1.975
38101    85.9559    1.97477
38201    86.1329    1.97458
38301    86.3325    1.97426
38401    86.5922    1.9741
38501    86.7869    1.9738
38601    86.9703    1.97359
38701    87.1949    1.97342
38801    87.3913    1.97341
38901    87.5787    1.97343
39001    87.7696    1.97346
39101    87.9778    1.97348
39201    88.1694    1.97363
39301    88.3974    1.97382
39401    88.6582    1.9738
39501    88.9435    1.97358
39601    89.1944    1.97346
39701    89.4285    1.97337
39801    89.7033    1.97331
39901    89.958    1.97318
40001    90.2137    1.97304
40101    90.4603    1.97294
40201    90.7054    1.97273
40301    90.9099    1.97263
40401    91.1137    1.9725
40501    91.3398    1.97241
40601    91.5649    1.97231
40701    91.8111    1.97226
40801    92.0595    1.97219
40901    92.2743    1.97221
41001    92.5353    1.97224
41101    92.793    1.9722
41201    93.0184    1.97205
41301    93.2174    1.9719
41401    93.4373    1.97172
41501    93.6677    1.97162
41601    93.8945    1.97153
41701    94.0737    1.97143
41801    94.2798    1.97129
41901    94.4787    1.97118
42001    94.6726    1.97102
42101    94.8693    1.97088
42201    95.0672    1.97064
42301    95.3123    1.9705
42401    95.5134    1.97039
42501    95.6941    1.9704
42601    95.9621    1.97034
42701    96.1719    1.97019
42801    96.4038    1.97012
42901    96.6045    1.97006
43001    96.7801    1.97004
43101    96.9555    1.97007
43201    97.2058    1.96988
43301    97.4234    1.96979
43401    97.6554    1.9697
43501    97.8438    1.9695
43601    98.0281    1.96944
43701    98.2824    1.96936
43801    98.456    1.96932
43901    98.6745    1.96931
44001    98.9201    1.96935
44101    99.1779    1.96922
44201    99.4586    1.96898
44301    99.6965    1.96878
44401    99.9107    1.96857
44501    100.149    1.96843
44601    100.414    1.96805
44701    100.632    1.9678
44801    100.782    1.96771
44901    100.998    1.96756
45001    101.18    1.96739
45101    101.372    1.96728
45201    101.586    1.96712
45301    101.833    1.967
45401    102.081    1.96679
45501    102.33    1.96665
45601    102.541    1.96653
45701    102.768    1.96646
45801    102.961    1.96633
45901    103.142    1.96625
46001    103.363    1.96601
46101    103.541    1.96583
46201    103.754    1.9657
46301    103.956    1.96568
46401    104.212    1.96556
46501    104.436    1.9655
46601    104.609    1.96535
46701    104.852    1.96509
46801    105.1    1.96488
46901    105.346    1.96463
47001    105.599    1.9644
47101    105.821    1.96426
47201    106.043    1.9642
47301    106.332    1.964
47401    106.538    1.9639
47501    106.731    1.96362
47601    106.955    1.96329
47701    107.197    1.96317
47801    107.426    1.963
47901    107.634    1.96297
48001    107.855    1.96285
48101    108.095    1.96271
48201    108.343    1.96267
48301    108.568    1.96264
48401    108.787    1.96259
48501    109.015    1.96258
48601    109.231    1.9624
48701    109.41    1.9624
48801    109.622    1.96229
48901    109.829    1.96224
49001    110.095    1.96212
49101    110.294    1.96197
49201    110.515    1.96193
49301    110.727    1.96174
49401    110.939    1.96154
49501    111.12    1.96124
49601    111.308    1.96109
49701    111.54    1.96113
49801    111.697    1.96114
49901    111.864    1.96106
50001    112.1    1.961
50101    112.365    1.96106
50201    112.608    1.96111
50301    112.778    1.96121
50401    113.013    1.96117
50501    113.246    1.96104
50601    113.479    1.96086
50701    113.747    1.9606
50801    113.957    1.96039
50901    114.208    1.96025
51001    114.459    1.96008
51101    114.665    1.95995
51201    114.856    1.95973
51301    115.105    1.95958
51401    115.303    1.95944
51501    115.476    1.9592
51601    115.667    1.95903
51701    115.945    1.9588
51801    116.125    1.95868
51901    116.357    1.95853
52001    116.605    1.95835
52101    116.818    1.95816
52201    117.019    1.95807
52301    117.265    1.95808
52401    117.509    1.95794
52501    117.679    1.95786
52601    117.916    1.95764
52701    118.153    1.95752
52801    118.419    1.95742
52901    118.664    1.9572
53001    118.918    1.95694
53101    119.115    1.95667
53201    119.346    1.95646
53301    119.594    1.95629
53401    119.86    1.95605
53501    120.117    1.95583
53601    120.324    1.95572
53701    120.515    1.95557
53801    120.703    1.95546
53901    120.899    1.95537
54001    121.151    1.95533
54101    121.369    1.95539
54201    121.657    1.9553
54301    121.892    1.9552
54401    122.181    1.95506
54501    122.406    1.95492
54601    122.62    1.95482
54701    122.789    1.95466
54801    122.998    1.95456
54901    123.227    1.95434
55001    123.479    1.95414
55101    123.75    1.95389
55201    124.019    1.95373
55301    124.275    1.9535
55401    124.534    1.95323
55501    124.768    1.95308
55601    124.965    1.95299
55701    125.168    1.95284
55801    125.418    1.95266
55901    125.631    1.9525
56001    125.84    1.95234
56101    126.081    1.95212
56201    126.316    1.95187
56301    126.594    1.95168
56401    126.84    1.95156
56501    127.107    1.95143
56601    127.355    1.95132
56701    127.607    1.95115
56801    127.835    1.95098
56901    128.01    1.9508
57001    128.216    1.95069
57101    128.479    1.95057
57201    128.697    1.9503
57301    128.919    1.95016
57401    129.127    1.94992
57501    129.361    1.9498
57601    129.596    1.94954
57701    129.793    1.94945
57801    130.016    1.94931
57901    130.269    1.94904
58001    130.461    1.94881
58101    130.708    1.94863
58201    130.961    1.94842
58301    131.208    1.94826
58401    131.424    1.94794
58501    131.642    1.9476
58601    131.855    1.94739
58701    132.072    1.94718
58801    132.258    1.94697
58901    132.456    1.94679
59001    132.702    1.94646
59101    132.921    1.94626
59201    133.148    1.9459
59301    133.322    1.9457
59401    133.52    1.9454
59501    133.715    1.9452
59601    133.96    1.94507
59701    134.22    1.94504
59801    134.458    1.94492
59901    134.703    1.94477
60001    134.849    1.94471
60101    135.026    1.94457
60201    135.223    1.94449
60301    135.483    1.94428
60401    135.734    1.94411
60501    135.969    1.94404
60601    136.247    1.94391
60701    136.491    1.94364
60801    136.713    1.94352
60901    136.953    1.94339
61001    137.175    1.94309
61101    137.36    1.94292
61201    137.522    1.94281
61301    137.764    1.9426
61401    138.021    1.9424
61501    138.273    1.94228
61601    138.542    1.94212
61701    138.793    1.94206
61801    139.036    1.94201
61901    139.267    1.94191
62001    139.512    1.94177
62101    139.765    1.94168
62201    140.018    1.94152
62301    140.267    1.94149
62401    140.479    1.94136
62501    140.654    1.94117
62601    140.855    1.94113
62701    141.011    1.94103
62801    141.219    1.94099
62901    141.445    1.94093
63001    141.723    1.94072
63101    141.939    1.94056
63201    142.113    1.94047
63301    142.316    1.9404
63401    142.507    1.9404
63501    142.775    1.9404
63601    143.052    1.94036
63701    143.254    1.94026
63801    143.486    1.94012
63901    143.735    1.93996
64001    143.994    1.93979
64101    144.213    1.93968
64201    144.415    1.93954
64301    144.588    1.9395
64401    144.767    1.93943
64501    144.989    1.93927
64601    145.207    1.93919
64701    145.402    1.93894
64801    145.598    1.9388
64901    145.865    1.93856
65001    146.133    1.9384
65101    146.38    1.93822
65201    146.563    1.93802
65301    146.727    1.93778
65401    146.892    1.93765
65501    147.101    1.93751
65601    147.325    1.9373
65701    147.564    1.93713
65801    147.818    1.93708
65901    148.041    1.93699
66001    148.263    1.93685
66101    148.487    1.93666
66201    148.724    1.93649
66301    148.951    1.93634
66401    149.183    1.93617
66501    149.423    1.93606
66601    149.608    1.93588
66701    149.848    1.9357
66801    150.074    1.93552
66901    150.302    1.93531
67001    150.534    1.9351
67101    150.763    1.93487
67201    151.012    1.93469
67301    151.267    1.93449
67401    151.473    1.9344
67501    151.675    1.93429
67601    151.927    1.93416
67701    152.138    1.93413
67801    152.333    1.93412
67901    152.579    1.93409
68001    152.84    1.93403
68101    153.076    1.93392
68201    153.301    1.93381
68301    153.578    1.93365
68401    153.787    1.93353
68501    154.002    1.93347
68601    154.223    1.93336
68701    154.414    1.93328
68801    154.621    1.93315
68901    154.888    1.93301
69001    155.129    1.93299
69101    155.371    1.93286
69201    155.585    1.93267
69301    155.827    1.93248
69401    156.034    1.93234
69501    156.229    1.93219
69601    156.479    1.932
69701    156.671    1.93184
69801    156.882    1.93177
69901    157.162    1.93168
70001    157.385    1.93164
70101    157.62    1.93152
70201    157.844    1.93136
70301    158.09    1.93114
70401    158.255    1.93096
70501    158.461    1.93085
70601    158.602    1.93072
70701    158.786    1.93069
70801    159.017    1.93055
70901    159.253    1.93049
71001    159.507    1.93043
71101    159.752    1.93038
71201    160.023    1.93024
71301    160.312    1.93005
71401    160.518    1.92981
71501    160.764    1.92968
71601    161.006    1.92963
71701    161.264    1.92955
71801    161.445    1.92949
71901    161.701    1.92939
72001    161.945    1.92934
72101    162.175    1.9293
72201    162.368    1.9292
72301    162.61    1.92903
72401    162.832    1.92889
72501    163.061    1.9288
72601    163.334    1.92865
72701    163.574    1.92842
72801    163.812    1.92827
72901    164.025    1.92812
73001    164.278    1.92793
73101    164.501    1.92768
73201    164.733    1.92745
73301    164.98    1.92727
73401    165.232    1.92704
73501    165.461    1.92685
73601    165.645    1.92672
73701    165.899    1.92653
73801    166.099    1.92635
73901    166.324    1.92622
74001    166.58    1.92602
74101    166.799    1.9258
74201    167.05    1.92558
74301    167.311    1.92545
74401    167.552    1.92527
74501    167.816    1.92512
74601    168.045    1.92493
74701    168.306    1.92476
74801    168.524    1.92457
74901    168.783    1.92438
75001    169.029    1.92423
75101    169.285    1.92413
75201    169.534    1.92408
75301    169.782    1.92405
75401    169.936    1.92402
75501    170.156    1.92389
75601    170.34    1.92381
75701    170.506    1.92372
75801    170.735    1.9236
75901    170.998    1.92337
76001    171.249    1.92319
76101    171.507    1.92298
76201    171.759    1.92285
76301    172.029    1.92272
76401    172.279    1.92262
76501    172.533    1.92252
76601    172.764    1.92231
76701    173.05    1.92218
76801    173.248    1.92204
76901    173.413    1.92187
77001    173.581    1.92168
77101    173.801    1.92152
77201    174.039    1.92135
77301    174.224    1.92121
77401    174.436    1.9211
77501    174.627    1.92097
77601    174.798    1.92076
77701    175.054    1.92059
77801    175.295    1.92039
77901    175.525    1.92024
78001    175.768    1.9201
78101    176.031    1.91994
78201    176.312    1.9198
78301    176.553    1.91967
78401    176.81    1.91949
78501    176.969    1.91934
78601    177.135    1.91925
78701    177.345    1.91913
78801    177.615    1.91897
78901    177.82    1.91877
79001    177.992    1.91861
79101    178.152    1.91852
79201    178.343    1.91842
79301    178.574    1.91824
79401    178.804    1.91811
79501    178.974    1.91789
79601    179.187    1.91776
79701    179.436    1.91756
79801    179.678    1.91732
79901    179.904    1.91713
80001    180.096    1.91703
80101    180.311    1.91686
80201    180.512    1.9167
80301    180.691    1.91654
80401    180.863    1.91648
80501    181.087    1.91636
80601    181.324    1.91622
80701    181.551    1.91613
80801    181.786    1.91596
80901    182.057    1.91583
81001    182.299    1.91562
81101    182.553    1.91543
81201    182.797    1.91527
81301    182.989    1.91513
81401    183.242    1.91499
81501    183.429    1.91495
81601    183.679    1.9149
81701    183.932    1.91478
81801    184.11    1.91467
81901    184.353    1.91454
82001    184.548    1.91441
82101    184.756    1.91426
82201    184.976    1.91415
82301    185.197    1.91402
82401    185.408    1.91383
82501    185.675    1.91368
82601    185.9    1.91353
82701    186.128    1.91335
82801    186.338    1.91322
82901    186.56    1.91305
83001    186.798    1.91289
83101    187.039    1.91277
83201    187.24    1.91268
83301    187.439    1.91254
83401    187.685    1.91234
83501    187.856    1.9122
83601    188.126    1.91201
83701    188.372    1.91183
83801    188.602    1.91168
83901    188.889    1.91154
84001    189.086    1.91136
84101    189.249    1.91121
84201    189.483    1.91106
84301    189.688    1.91087
84401    189.876    1.9107
84501    190.075    1.91057
84601    190.288    1.91039
84701    190.478    1.9102
84801    190.648    1.91012
84901    190.889    1.91009
85001    191.159    1.90999
85101    191.369    1.90982
85201    191.561    1.90966
85301    191.794    1.90958
85401    192.022    1.90946
85501    192.275    1.90939
85601    192.491    1.90936
85701    192.728    1.90932
85801    192.98    1.90924
85901    193.235    1.90915
86001    193.473    1.90903
86101    193.709    1.90893
86201    193.907    1.90886
86301    194.115    1.9088
86401    194.322    1.90873
86501    194.519    1.90872
86601    194.766    1.9087
86701    194.946    1.90866
86801    195.148    1.90856
86901    195.393    1.90834
87001    195.575    1.90824
87101    195.821    1.90818
87201    196.062    1.90809
87301    196.319    1.90799
87401    196.585    1.9078
87501    196.811    1.90757
87601    197.048    1.90742
87701    197.241    1.90728
87801    197.449    1.90721
87901    197.619    1.90716
88001    197.836    1.90708
88101    198.056    1.90703
88201    198.249    1.90697
88301    198.448    1.9068
88401    198.692    1.90663
88501    198.908    1.9065
88601    199.101    1.90632
88701    199.294    1.90615
88801    199.561    1.90595
88901    199.792    1.90578
89001    200.032    1.90559
89101    200.267    1.90544
89201    200.508    1.90529
89301    200.692    1.90511
89401    200.889    1.90496
89501    201.11    1.90483
89601    201.339    1.90466
89701    201.554    1.90452
89801    201.791    1.90443
89901    202.052    1.90427
90001    202.33    1.90406
90101    202.576    1.90388
90201    202.792    1.90367
90301    202.993    1.90348
90401    203.228    1.90334
90501    203.409    1.90322
90601    203.578    1.90309
90701    203.745    1.90293
90801    203.94    1.90277
90901    204.179    1.90263
91001    204.436    1.90244
91101    204.65    1.90225
91201    204.868    1.90208
91301    205.093    1.90192
91401    205.333    1.90177
91501    205.556    1.90163
91601    205.737    1.90148
91701    205.927    1.90135
91801    206.188    1.90118
91901    206.443    1.90107
92001    206.694    1.90094
92101    206.94    1.90085
92201    207.134    1.90072
92301    207.369    1.90061
92401    207.56    1.9005
92501    207.822    1.90044
92601    208.089    1.90039
92701    208.316    1.9003
92801    208.576    1.90022
92901    208.814    1.90008
93001    209.041    1.89997
93101    209.297    1.89989
93201    209.491    1.8998
93301    209.671    1.89974
93401    209.905    1.89961
93501    210.131    1.89948
93601    210.329    1.89936
93701    210.561    1.89922
93801    210.844    1.8991
93901    211.087    1.89899
94001    211.348    1.89886
94101    211.556    1.89874
94201    211.776    1.89863
94301    212.023    1.89853
94401    212.264    1.89847
94501    212.473    1.89839
94601    212.709    1.89835
94701    212.948    1.89832
94801    213.21    1.89827
94901    213.463    1.89815
95001    213.748    1.89803
95101    213.964    1.89798
95201    214.167    1.89787
95301    214.351    1.8977
95401    214.571    1.89757
95501    214.792    1.89743
95601    215.035    1.89729
95701    215.301    1.89715
95801    215.527    1.89705
95901    215.755    1.89695
96001    215.959    1.89682
96101    216.165    1.89672
96201    216.398    1.89657
96301    216.65    1.89647
96401    216.847    1.89637
96501    217.053    1.89622
96601    217.226    1.89607
96701    217.422    1.89594
96801    217.584    1.89584
96901    217.808    1.89577
97001    218.004    1.89571
97101    218.249    1.89557
97201    218.454    1.89548
97301    218.674    1.89539
97401    218.934    1.89538
97501    219.129    1.89533
97601    219.366    1.89528
97701    219.565    1.8952
97801    219.772    1.89513
97901    219.998    1.89504
98001    220.262    1.89495
98101    220.506    1.8948
98201    220.773    1.89468
98301    221.026    1.89457
98401    221.286    1.8945
98501    221.507    1.89442
98601    221.761    1.89427
98701    221.974    1.8942
98801    222.138    1.89415
98901    222.342    1.89413
99001    222.576    1.89406
99101    222.789    1.894
99201    223.071    1.89396
99301    223.288    1.89394
99401    223.514    1.89396
99501    223.768    1.89393
99601    224.01    1.89385
99701    224.27    1.89372
99801    224.527    1.89355
99901    224.768    1.89346
100001    224.998    1.89339
100101    225.196    1.89332
100201    225.393    1.89325
100301    225.596    1.89315
100401    225.823    1.89306
100501    226.086    1.89297
100601    226.338    1.89292
100701    226.585    1.89287
100801    226.798    1.89289
100901    227.056    1.8929
101001    227.321    1.89283
101101    227.543    1.89277
101201    227.812    1.89273
101301    228.078    1.89264
101401    228.321    1.89253
101501    228.533    1.89247
101601    228.737    1.89244
101701    228.916    1.89241
101801    229.104    1.89231
101901    229.305    1.89221
102001    229.506    1.89213
102101    229.722    1.89199
102201    229.942    1.89187
102301    230.186    1.89175
102401    230.419    1.89164
102501    230.615    1.89154
102601    230.848    1.89143
102701    231.079    1.8913
102801    231.323    1.89122
102901    231.527    1.89108
103001    231.747    1.89096
103101    232.005    1.89082
103201    232.22    1.89073
103301    232.438    1.89068
103401    232.701    1.89061
103501    232.942    1.89053
103601    233.169    1.89048
103701    233.4    1.89039
103801    233.584    1.89028
103901    233.794    1.89023
104001    233.984    1.89016
104101    234.207    1.89008
104201    234.461    1.88996
104301    234.709    1.88985
104401    234.954    1.88975
104501    235.181    1.88965
104601    235.388    1.88949
104701    235.575    1.8894
104801    235.83    1.88936
104901    236.101    1.88929
105001    236.326    1.88925
105101    236.527    1.88918
105201    236.763    1.88906
105301    237.009    1.88895
105401    237.214    1.88884
105501    237.468    1.88871
105601    237.705    1.88853
105701    237.928    1.88838
105801    238.105    1.88827
105901    238.363    1.88812
106001    238.596    1.88798
106101    238.861    1.88786
106201    239.116    1.88774
106301    239.357    1.88765
106401    239.556    1.88754
106501    239.794    1.88743
106601    240.01    1.88726
106701    240.18    1.88711
106801    240.414    1.88698
106901    240.665    1.8868
107001    240.897    1.88666
107101    241.128    1.88653
107201    241.355    1.88637
107301    241.543    1.88626
107401    241.761    1.88614
107501    242.013    1.88604
107601    242.27    1.88597
107701    242.52    1.88594
107801    242.793    1.88584
107901    243.091    1.88575
108001    243.282    1.88566
108101    243.466    1.88556
108201    243.672    1.88547
108301    243.888    1.88536
108401    244.109    1.88526
108501    244.346    1.88514
108601    244.593    1.88504
108701    244.844    1.88498
108801    245.079    1.88488
108901    245.311    1.88485
109001    245.559    1.88483
109101    245.757    1.88478
109201    246.035    1.88473
109301    246.263    1.88466
109401    246.49    1.8846
109501    246.719    1.88453
109601    246.971    1.88449
109701    247.229    1.88443
109801    247.406    1.88433
109901    247.611    1.88421
110001    247.859    1.8841
110101    248.103    1.88398
110201    248.298    1.88386
110301    248.51    1.88376
110401    248.722    1.88369
110501    249.006    1.8836
110601    249.216    1.88348
110701    249.443    1.88337
110801    249.683    1.88323
110901    249.906    1.88311
111001    250.124    1.88303
111101    250.347    1.88296
111201    250.57    1.88291
111301    250.82    1.88285
111401    251.013    1.88272
111501    251.201    1.88259
111601    251.451    1.8825
111701    251.706    1.88244
111801    251.939    1.88234
111901    252.188    1.88225
112001    252.37    1.88211
112101    252.621    1.88199
112201    252.859    1.88189
112301    253.082    1.88179
112401    253.296    1.88167
112501    253.48    1.88159
112601    253.721    1.88145
112701    253.94    1.88132
112801    254.141    1.88123
112901    254.411    1.88112
113001    254.613    1.88101
113101    254.858    1.88091
113201    255.093    1.88084
113301    255.277    1.88076
113401    255.464    1.8807
113501    255.708    1.88061
113601    255.963    1.88056
113701    256.194    1.88046
113801    256.412    1.88042
113901    256.6    1.88038
114001    256.833    1.88026
114101    257.012    1.88016
114201    257.229    1.88006
114301    257.497    1.87994
114401    257.692    1.8798
114501    257.894    1.87968
114601    258.135    1.87953
114701    258.356    1.87942
114801    258.579    1.87928
114901    258.764    1.8792
115001    258.996    1.87909
115101    259.175    1.87896
115201    259.362    1.87883
115301    259.622    1.87869
115401    259.874    1.87857
115501    260.158    1.87842
115601    260.386    1.87826
115701    260.6    1.87809
115801    260.81    1.87798
115901    261.036    1.8778
116001    261.223    1.87769
116101    261.441    1.87761
116201    261.705    1.8775
116301    261.919    1.87741
116401    262.093    1.87732
116501    262.336    1.87725
116601    262.612    1.87712
116701    262.792    1.877
116801    263.015    1.87691
116901    263.215    1.87683
117001    263.472    1.87677
117101    263.694    1.87669
117201    263.887    1.87658
117301    264.105    1.87645
117401    264.349    1.87633
117501    264.567    1.8762
117601    264.814    1.87606
117701    265.048    1.87588
117801    265.315    1.87578
117901    265.51    1.87568
118001    265.753    1.87553
118101    265.974    1.87541
118201    266.171    1.87532
118301    266.404    1.87514
118401    266.556    1.87499
118501    266.75    1.87487
118601    266.958    1.87479
118701    267.148    1.8747
118801    267.373    1.87459
118901    267.633    1.87449
119001    267.886    1.87437
119101    268.129    1.87424
119201    268.38    1.87412
119301    268.609    1.87401
119401    268.831    1.87388
119501    269.014    1.87375
119601    269.202    1.87359
119701    269.386    1.87346
119801    269.551    1.87331
119901    269.734    1.87315
120001    269.93    1.87304
120101    270.103    1.87295
120201    270.304    1.87286
120301    270.544    1.87277
120401    270.795    1.87265
120501    271.009    1.8726
120601    271.26    1.87255
120701    271.45    1.87247
120801    271.668    1.8724
120901    271.913    1.87228
121001    272.125    1.87219
121101    272.314    1.87206
121201    272.568    1.87191
121301    272.754    1.8718
121401    272.976    1.87166
121501    273.236    1.87157
121601    273.457    1.87146
121701    273.67    1.87137
121801    273.932    1.87129
121901    274.146    1.87119
122001    274.408    1.87108
122101    274.618    1.87094
122201    274.833    1.87082
122301    275.075    1.87075
122401    275.257    1.87059
122501    275.518    1.87043
122601    275.781    1.87029
122701    275.981    1.87016
122801    276.218    1.86998
122901    276.405    1.86989
123001    276.582    1.86974
123101    276.788    1.86962
123201    277.034    1.86947
123301    277.258    1.86936
123401    277.432    1.86929
123501    277.657    1.86918
123601    277.918    1.86911
123701    278.127    1.869
123801    278.345    1.86887
123901    278.522    1.8688
124001    278.752    1.8687
124101    278.995    1.8686
124201    279.244    1.8685
124301    279.471    1.86838
124401    279.7    1.8683
124501    279.918    1.86819
124601    280.152    1.86803
124701    280.336    1.86786
124801    280.548    1.86774
124901    280.775    1.86764
125001    280.997    1.86749
125101    281.267    1.86735
125201    281.566    1.86719
125301    281.834    1.86708
125401    282.088    1.86697
125501    282.356    1.86681
125601    282.627    1.86664
125701    282.885    1.86649
125801    283.088    1.86634
125901    283.302    1.86621
126001    283.529    1.86608
126101    283.73    1.86595
126201    283.937    1.86583
126301    284.155    1.86573
126401    284.381    1.86561
126501    284.604    1.86548
126601    284.794    1.86537
126701    284.995    1.8652
126801    285.221    1.86507
126901    285.448    1.86494
127001    285.699    1.8648
127101    285.946    1.86465
127201    286.188    1.8645
127301    286.427    1.86435
127401    286.69    1.86419
127501    286.937    1.86404
127601    287.136    1.86389
127701    287.335    1.86374
127801    287.534    1.8636
127901    287.769    1.86345
128001    288.01    1.86327
128101    288.212    1.86315
128201    288.398    1.86305
128301    288.621    1.86294
128401    288.847    1.86288
128501    289.052    1.8628
128601    289.316    1.86274
128701    289.557    1.86267
128801    289.801    1.86259
128901    290.05    1.86255
129001    290.26    1.86249
129101    290.507    1.8624
129201    290.74    1.8623
129301    290.948    1.86222
129401    291.155    1.86214
129501    291.382    1.86206
129601    291.623    1.86194
129701    291.827    1.86185
129801    292.062    1.86174
129901    292.299    1.86159
130001    292.488    1.86148
130101    292.709    1.86136
130201    292.926    1.86124
130301    293.138    1.86114
130401    293.323    1.86106
130501    293.551    1.8609
130601    293.776    1.86072
130701    293.969    1.86056
130801    294.188    1.8604
130901    294.404    1.8603
131001    294.604    1.8602
131101    294.806    1.86011
131201    294.968    1.86001
131301    295.151    1.85993
131401    295.379    1.85982
131501    295.587    1.85971
131601    295.824    1.85956
131701    296.051    1.8594
131801    296.312    1.8593
131901    296.536    1.85916
132001    296.69    1.85908
132101    296.923    1.85898
132201    297.145    1.85885
132301    297.319    1.85872
132401    297.501    1.85858
132501    297.722    1.85851
132601    297.99    1.85842
132701    298.268    1.85834
132801    298.494    1.85823
132901    298.723    1.85812
133001    298.928    1.85801
133101    299.111    1.85788
133201    299.288    1.85774
133301    299.468    1.85763
133401    299.702    1.8575
133501    299.917    1.85735
133601    300.157    1.85722
133701    300.384    1.85711
133801    300.592    1.85701
133901    300.828    1.85695
134001    301.043    1.85688
134101    301.278    1.85679
134201    301.548    1.85669
134301    301.738    1.85658
134401    301.935    1.85645
134501    302.144    1.85632
134601    302.352    1.85621
134701    302.579    1.85609
134801    302.719    1.85601
134901    302.913    1.85593
135001    303.101    1.85583
135101    303.277    1.85577
135201    303.479    1.85566
135301    303.678    1.85552
135401    303.899    1.85536
135501    304.088    1.85525
135601    304.278    1.85513
135701    304.537    1.85499
135801    304.776    1.85494
135901    305.066    1.85486
136001    305.272    1.85479
136101    305.534    1.85473
136201    305.778    1.85467
136301    305.972    1.85453
136401    306.201    1.85442
136501    306.451    1.85432
136601    306.676    1.85421
136701    306.872    1.85407
136801    307.048    1.85395
136901    307.28    1.85382
137001    307.493    1.85369
137101    307.735    1.85352
137201    307.929    1.85338
137301    308.113    1.85325
137401    308.298    1.85312
137501    308.588    1.85296
137601    308.849    1.85281
137701    309.137    1.85263
137801    309.419    1.85247
137901    309.644    1.85235
138001    309.917    1.85222
138101    310.193    1.85207
138201    310.409    1.85191
138301    310.631    1.85173
138401    310.86    1.85155
138501    311.097    1.8514
138601    311.343    1.85125
138701    311.562    1.85112
138801    311.772    1.85098
138901    311.993    1.85087
139001    312.164    1.85077
139101    312.394    1.85068
139201    312.604    1.85055
139301    312.8    1.85041
139401    312.982    1.85028
139501    313.195    1.85015
139601    313.454    1.85003
139701    313.734    1.84991
139801    313.943    1.84977
139901    314.186    1.84964
140001    314.445    1.84947
140101    314.689    1.84932
140201    314.899    1.84916
140301    315.056    1.84903
140401    315.192    1.84889
140501    315.36    1.84877
140601    315.614    1.84864
140701    315.806    1.84851
140801    316.027    1.84837
140901    316.274    1.84821
141001    316.527    1.84806
141101    316.767    1.84791
141201    316.996    1.84775
141301    317.206    1.84762
141401    317.497    1.84753
141501    317.775    1.84741
141601    318.04    1.84726
141701    318.277    1.8471
141801    318.525    1.84697
141901    318.766    1.84685
142001    319.011    1.84667
142101    319.25    1.84651
142201    319.508    1.84634
142301    319.771    1.8462
142401    320.006    1.84604
142501    320.239    1.84586
142601    320.458    1.84572
142701    320.71    1.84555
142801    320.927    1.84541
142901    321.113    1.84527
143001    321.31    1.84516
143101    321.514    1.84506
143201    321.737    1.84496
143301    321.982    1.84486
143401    322.208    1.84475
143501    322.382    1.84462
143601    322.601    1.84452
143701    322.835    1.84439
143801    323.087    1.84427
143901    323.3    1.84415
144001    323.484    1.84406
144101    323.72    1.84393
144201    323.974    1.84382
144301    324.198    1.84368
144401    324.405    1.84355
144501    324.663    1.84345
144601    324.882    1.84335
144701    325.12    1.84321
144801    325.371    1.84305
144901    325.628    1.84292
145001    325.811    1.8428
145101    326.036    1.84269
145201    326.218    1.84255
145301    326.493    1.84242
145401    326.689    1.84234
145501    326.901    1.84224
145601    327.079    1.84212
145701    327.335    1.842
145801    327.558    1.8419
145901    327.776    1.84178
146001    328.029    1.84166
146101    328.292    1.84148
146201    328.564    1.84133
146301    328.819    1.8412
146401    329.014    1.84107
146501    329.229    1.84094
146601    329.399    1.84083
146701    329.622    1.84072
146801    329.8    1.84059
146901    330.05    1.84047
147001    330.261    1.84037
147101    330.424    1.84028
147201    330.632    1.84012
147301    330.851    1.83999
147401    331.051    1.83985
147501    331.275    1.8397
147601    331.5    1.83958
147701    331.786    1.83943
147801    332.053    1.83927
147901    332.298    1.83913
148001    332.559    1.839
