1    2.74227    2.09036
101    7.28064    2.4699
201    12.4416    2.49687
301    17.324    2.6008
401    22.3068    2.3218
501    26.8984    2.38346
601    30.9473    2.36174
701    35.6147    2.48624
801    40.6057    2.68779
901    45.0171    2.26482
1001    49.0824    2.40985
1101    53.5122    2.60461
1201    58.2492    2.23359
1301    63.0374    2.41247
1401    67.7745    2.18576
1501    72.2371    2.18233
1601    77.2055    2.22126
1701    81.0721    2.11869
1801    85.8194    2.09657
1901    89.9318    2.27362
2001    94.6074    2.32052
2101    98.6767    2.03858
2201    103.51    1.98399
2301    108.098    2.06255
2401    112.853    2.12169
2501    117.619    2.13669
2601    122.429    2.03221
2701    127.529    2.16658
2801    132.334    2.26289
2901    137.083    2.12356
3001    141.789    2.46621
3101    146.657    2.15829
3201    151.435    2.16065
3301    156.15    2.00838
3401    160.631    2.07544
3501    165.54    2.04185
3601    170.375    2.02872
3701    175.036    2.18039
3801    180.027    2.05572
3901    184.715    2.04977
4001    189.229    1.90872
4101    194.2    2.25123
4201    198.941    1.97368
4301    203.481    2.0323
4401    208.556    2.08133
4501    213.613    1.93249
4601    218.075    2.06975
4701    223.037    1.86197
4801    227.66    2.12896
4901    232.489    2.01545
5001    237.259    2.10793
5101    241.361    2.18934
5201    246.075    1.94181
5301    250.622    2.0207
5401    255.152    1.80852
5501    259.244    1.83292
5601    264.364    1.89259
5701    269.281    1.86605
5801    273.332    1.75713
5901    277.901    2.46206
6001    282.3    1.70813
6101    287.42    1.87662
6201    292.162    1.89044
6301    296.81    1.85056
6401    301.203    1.83294
6501    306.469    1.85508
6601    311.575    1.83181
6701    315.773    1.77139
6801    320.416    1.84378
6901    325.312    1.75352
7001    329.765    1.87992
7101    334.709    1.84632
7201    339.145    1.94516
7301    343.261    1.77241
7401    347.746    1.89332
7501    351.689    1.88614
7601    356.747    1.69441
7701    361.914    1.83618
7801    366.109    1.90624
7901    370.913    1.76361
8001    375.775    1.83211
8101    379.863    2.12375
8201    384.328    1.69312
8301    389.188    1.91496
8401    393.878    1.75997
8501    398.52    1.82515
8601    403.55    1.80358
8701    408.392    1.98795
8801    413.063    1.93561
8901    418.392    1.78796
9001    423.115    1.95318
9101    427.844    1.78505
9201    432.169    1.7327
9301    436.511    1.74032
9401    440.885    2.14689
9501    445.389    1.8051
9601    449.692    1.85295
9701    454.775    1.99207
9801    459.893    1.67837
9901    464.22    1.9549
10001    469.01    1.73817
10101    473.917    1.81559
10201    478.732    1.84089
10301    483.467    1.93705
10401    488.315    1.94177
10501    492.583    1.90794
10601    496.652    1.84386
10701    501.019    1.61663
10801    505.569    1.83007
10901    509.823    1.75678
11001    514.775    1.76082
11101    519.643    1.84111
11201    524.796    1.81634
11301    529.904    1.8187
11401    535.087    1.79657
11501    539.789    1.85114
11601    544.633    1.87227
11701    549.151    1.73405
11801    553.689    1.84373
11901    558.182    1.88188
12001    563.032    1.81752
12101    567.798    1.6898
12201    572.269    1.8434
12301    576.922    1.86616
12401    581.769    1.88165
12501    586.4    1.66066
12601    590.799    1.84417
12701    595.18    1.91447
12801    600.056    1.87813
12901    604.682    2.08302
13001    608.969    1.73966
13101    613.249    1.70075
13201    617.656    1.7451
13301    622.211    1.69916
13401    626.768    1.83496
13501    631.376    1.80153
13601    636.056    1.94308
13701    640.193    1.68833
13801    644.557    1.79754
13901    648.694    1.79846
14001    653.103    1.77873
14101    657.83    1.92849
14201    662.372    1.74376
14301    667.193    1.63635
14401    672.516    1.79411
14501    677.798    1.80594
14601    682.623    1.7172
14701    687.321    1.78661
14801    692.238    1.80792
14901    696.984    1.98174
15001    702.124    1.78868
15101    707.26    1.68158
15201    712.133    1.67377
15301    716.229    1.68425
15401    720.99    1.66869
15501    725.481    1.69331
15601    730.198    1.7826
15701    734.681    1.72812
15801    739.736    1.75229
15901    743.961    1.83297
16001    748.618    1.78136
16101    753.486    1.84607
16201    757.729    1.83461
16301    761.803    1.81538
16401    766.953    1.79053
16501    771.26    1.7978
16601    775.942    1.65796
16701    780.489    1.66252
16801    785.302    1.7143
16901    790.2    1.79035
17001    794.366    1.75342
17101    798.943    1.77672
17201    803.566    1.79811
17301    808.122    1.91486
17401    812.431    1.78968
17501    816.787    1.77488
17601    821.205    1.83242
17701    825.75    1.84235
17801    830.243    2.13113
17901    835.088    1.73644
18001    839.907    1.74181
18101    844.302    1.81883
18201    849.129    1.8254
18301    853.488    1.95411
18401    858.397    1.70615
18501    863.156    1.73424
18601    868.151    1.78533
18701    872.427    2.05125
18801    876.906    1.97716
18901    881.865    1.85585
19001    886.184    1.6627
19101    891.056    1.81977
19201    895.334    1.81395
19301    899.981    1.9385
19401    904.884    1.78991
19501    909.683    1.85562
19601    914.332    1.70153
19701    919.179    1.81853
19801    923.976    1.69552
19901    928.649    1.79004
20001    933.151    1.77342
20101    937.734    1.65925
20201    942.068    1.88407
20301    946.489    1.80072
20401    950.85    1.60816
20501    955.81    1.7325
20601    959.748    1.74981
20701    964.348    1.76891
20801    968.798    1.78401
20901    972.831    1.85794
21001    977.422    1.75995
21101    981.647    1.772
21201    986.64    1.93811
21301    991.308    1.89948
21401    995.398    1.74599
21501    999.649    1.70578
21601    1003.9    1.83436
21701    1008.47    1.84124
21801    1013.47    1.80745
21901    1017.94    1.77338
22001    1022.55    1.72596
22101    1027.07    1.86941
22201    1031.84    1.72265
22301    1036.39    1.70007
22401    1041.12    1.75832
22501    1045.74    1.72962
22601    1050.3    1.72386
22701    1055.03    1.68068
22801    1059.74    1.68287
22901    1064.06    1.72263
23001    1068.79    1.72774
23101    1074.04    1.73334
23201    1078.48    1.74236
23301    1082.76    1.80795
23401    1087.13    1.73705
23501    1091.39    1.9294
23601    1095.99    1.8096
23701    1100.72    1.81987
23801    1105.08    1.76341
23901    1109.65    1.75865
24001    1114.11    1.9189
24101    1118.31    1.84545
24201    1122.87    1.96433
24301    1127.36    1.66825
24401    1132.03    1.66812
24501    1136.44    1.72189
24601    1140.93    1.85052
24701    1145.74    1.9528
24801    1150.19    1.95324
24901    1155.17    1.75395
25001    1159.93    1.75754
25101    1164.58    1.82695
25201    1169.61    1.86566
25301    1174.54    1.71657
25401    1179.18    1.79569
25501    1184.06    1.63651
25601    1188.46    1.71641
25701    1193.05    2.08004
25801    1197.83    1.62503
25901    1203.38    1.82841
26001    1208.05    1.93205
26101    1212.98    1.70385
26201    1217.19    1.84601
26301    1221.68    1.98143
26401    1226.43    2.00158
26501    1230.96    1.97945
26601    1235.4    1.77541
26701    1240.12    1.70468
26801    1244.21    1.86282
26901    1248.87    1.89102
27001    1253.22    1.83214
27101    1257.32    1.7231
27201    1261.89    1.67069
27301    1266.26    1.73794
27401    1270.62    1.75612
27501    1275.27    1.79193
27601    1279.6    1.76104
27701    1284.25    1.83059
27801    1288.55    1.62051
27901    1292.95    1.88989
28001    1297.1    1.7381
28101    1302.02    1.70179
28201    1306.45    1.76231
28301    1311.01    1.70955
28401    1315.94    2.02736
28501    1320.65    1.93743
28601    1325.08    1.83277
28701    1329.33    1.86141
28801    1333.9    1.73616
28901    1338.19    1.52664
29001    1343.09    1.83327
29101    1347.74    1.88988
29201    1352.71    1.82665
29301    1357.43    1.84594
29401    1361.92    1.70281
29501    1366.71    1.78363
29601    1370.98    1.72126
29701    1375.69    1.65087
29801    1380.72    1.68064
29901    1385.24    1.73135
30001    1390.1    1.59519
30101    1394.38    1.72847
30201    1398.86    1.7628
30301    1403.26    1.74802
30401    1408.18    1.69212
30501    1412.27    1.79875
30601    1417.33    1.77895
30701    1421.47    1.85875
30801    1425.98    1.75265
30901    1430.55    1.74027
31001    1434.82    1.86497
31101    1439.4    1.78694
31201    1443.72    1.66394
31301    1448.05    1.64801
31401    1452.72    1.70234
31501    1457.2    1.68636
31601    1461.52    1.71152
31701    1465.97    1.94539
31801    1470.49    1.63954
31901    1474.86    1.95192
32001    1480.12    1.69607
32101    1485.12    1.82901
32201    1489.87    1.87306
32301    1494.83    1.77499
32401    1499.55    1.74894
32501    1504.29    1.7354
32601    1509.11    1.68534
32701    1513.4    1.70943
32801    1518.43    1.72211
32901    1522.98    1.75424
33001    1527.64    1.87063
33101    1531.89    1.65682
33201    1536.22    1.79404
33301    1541.03    1.84957
33401    1545.54    2.00435
33501    1550.05    1.76293
33601    1555.42    1.81338
33701    1559.69    1.87348
33801    1563.73    1.67867
33901    1568.82    1.65722
34001    1573.15    2.05084
34101    1577.67    1.81632
34201    1582.28    2.16057
34301    1586.55    1.85251
34401    1591.28    1.70165
34501    1595.74    1.72066
34601    1600.06    1.76267
34701    1605.04    2.37463
34801    1609.2    1.80925
34901    1613.83    1.83932
35001    1618.52    1.65718
35101    1623.34    1.74583
35201    1627.39    1.7337
35301    1631.49    1.59642
35401    1635.54    1.70006
35501    1639.91    1.76191
35601    1644.45    1.90369
35701    1649.22    1.90843
35801    1653.84    1.86993
35901    1658.6    1.66289
36001    1663.06    1.86258
36101    1667.39    1.82423
36201    1672.12    1.79657
36301    1676.79    1.85448
36401    1681.16    2.19193
36501    1685.78    1.82506
36601    1689.92    1.75701
36701    1694.6    1.79998
36801    1699.04    1.79215
36901    1703.07    1.93377
37001    1708.17    1.63023
37101    1713.06    1.7052
37201    1717.47    1.74049
37301    1722.2    1.6839
37401    1727    1.75125
37501    1731.81    1.71958
37601    1736.22    1.61776
37701    1740.53    1.76159
37801    1745.02    1.75342
37901    1749.48    1.95649
38001    1753.73    1.8931
38101    1758.02    1.65168
38201    1761.96    1.69617
38301    1766.44    1.76849
38401    1771.03    1.67258
38501    1775.38    1.7167
38601    1779.35    1.66917
38701    1783.5    1.81068
38801    1787.48    1.88977
38901    1791.81    1.96641
39001    1796.81    1.84856
39101    1801.85    1.80323
39201    1807.28    1.72803
39301    1811.98    1.6752
39401    1816.3    1.85793
39501    1820.66    1.91344
39601    1824.95    2.46565
39701    1829.7    1.78819
39801    1834.87    1.70173
39901    1839.73    1.8156
40001    1844.91    1.80669
40101    1849.8    1.71152
40201    1854.72    1.67083
40301    1859.87    1.70753
40401    1864.28    1.69578
40501    1868.63    1.6538
40601    1873.11    1.87744
40701    1877.95    1.7024
40801    1882.47    1.80647
40901    1886.87    1.79654
41001    1891.42    1.78521
41101    1895.76    1.87165
41201    1900.15    1.70091
41301    1904.93    1.66128
41401    1909.7    1.76061
41501    1914.52    1.71406
41601    1918.94    2.02994
41701    1923.33    1.88453
41801    1928.27    1.63816
41901    1933.45    1.66788
42001    1938.19    1.77591
42101    1942.6    1.79638
42201    1946.98    1.83982
42301    1951.94    1.73687
42401    1956.84    1.62273
42501    1961.11    2.08254
42601    1966.14    1.85255
42701    1971.27    1.63677
42801    1975.67    1.74966
42901    1980.6    1.803
43001    1984.62    1.98504
43101    1989.03    1.78485
43201    1993.5    1.58327
43301    1998.24    1.79533
43401    2002.81    1.78947
43501    2007.67    1.94238
43601    2012.09    2.34037
43701    2016.65    1.8784
43801    2021.12    1.95597
43901    2025.59    1.75487
44001    2030.48    1.74794
44101    2034.98    1.77864
44201    2039.69    1.6824
44301    2044.24    1.74649
44401    2048.95    1.78144
44501    2053.74    1.74682
44601    2058.66    1.75186
44701    2062.84    1.77024
44801    2066.79    1.7428
44901    2071.35    2.19584
45001    2075.99    1.73625
45101    2080.51    1.82498
45201    2084.87    1.77787
45301    2089.18    1.73288
45401    2093.91    1.80382
45501    2098.63    1.67451
45601    2103.55    1.65861
45701    2108.62    1.67538
45801    2113.27    1.73305
45901    2117.22    1.77599
46001    2121.58    1.65108
46101    2126    1.7643
46201    2130.29    1.7311
46301    2134.72    2.25461
46401    2139.01    1.70235
46501    2143.31    1.56471
46601    2147.68    1.69966
46701    2151.96    1.6909
46801    2156.75    1.83057
46901    2161.82    1.67746
47001    2166.62    1.60701
47101    2170.96    1.72455
47201    2175.2    1.75324
47301    2179.69    1.83293
47401    2183.52    2.09772
47501    2187.87    1.75911
47601    2192.22    1.72918
47701    2197.08    1.806
47801    2201.45    1.71278
47901    2205.99    1.68547
48001    2210.39    1.94265
48101    2215.22    1.70406
48201    2220.34    1.67183
48301    2225.13    1.86513
48401    2230.35    1.65498
48501    2235.11    1.71375
48601    2239.79    1.8547
48701    2244.98    1.75479
48801    2250.35    1.9044
48901    2254.91    1.66064
49001    2260.03    1.78174
49101    2264.23    1.81507
49201    2269.28    1.91049
49301    2273.67    1.9924
49401    2278.21    2.07683
49501    2282.12    1.73504
49601    2287.55    1.7363
49701    2291.94    1.81552
49801    2296.56    1.68189
49901    2301.3    1.72772
50001    2305.7    1.92865
50101    2310.01    1.78217
50201    2314.46    1.77259
50301    2319.24    1.7299
50401    2324.34    1.77136
50501    2329.43    2.36819
50601    2334.49    1.92095
50701    2339.36    2.07912
50801    2344.47    1.84965
50901    2349.01    1.84626
51001    2354.23    1.77422
51101    2359.04    1.68097
51201    2363.09    1.6613
51301    2367.61    1.7312
51401    2372.45    1.61272
51501    2377.12    1.82497
51601    2381.32    1.7771
51701    2385.6    1.64213
51801    2390.09    1.66114
51901    2395.19    1.8565
52001    2399.36    1.78457
52101    2404.05    1.61018
52201    2408.72    1.70914
52301    2413.46    1.8921
52401    2417.69    1.92172
52501    2422.29    1.75902
52601    2427.53    1.71866
52701    2432.36    1.76618
52801    2436.65    1.64201
52901    2441.61    1.85515
53001    2446.08    1.81993
53101    2450.27    1.96465
53201    2455.57    1.83368
53301    2460.61    1.87937
53401    2465.08    1.79907
53501    2469.28    1.70663
53601    2474.14    1.87976
53701    2479.03    1.74504
53801    2483.82    1.62054
53901    2488.63    1.76663
54001    2493.02    1.93891
54101    2497.83    1.75995
54201    2502.39    1.72925
54301    2506.88    1.68682
54401    2510.69    1.73626
54501    2515.36    1.91847
54601    2519.23    1.74103
54701    2524.15    1.75967
54801    2528.82    1.74821
54901    2533.66    1.84169
55001    2538.65    1.74338
55101    2543.02    1.78093
55201    2547.93    2.25722
55301    2552.51    1.63771
55401    2557.5    1.667
55501    2561.78    1.745
55601    2566.03    1.67342
55701    2570.13    1.70324
55801    2575.19    1.76532
55901    2579.62    1.77725
56001    2584.49    1.80956
56101    2589.28    1.75246
56201    2593.87    1.68688
56301    2598.84    1.8383
56401    2603.69    1.8287
56501    2607.59    1.71183
56601    2611.77    1.63578
56701    2616.85    1.75844
56801    2621.08    1.79216
56901    2626.07    1.90069
57001    2630.99    1.71805
57101    2635.87    1.96861
57201    2640.91    1.86981
57301    2645.5    1.85731
57401    2649.7    1.678
57501    2654.25    1.81589
57601    2659.31    1.57782
57701    2663.61    1.68659
57801    2668.37    1.73029
57901    2672.88    1.67293
58001    2676.9    1.8551
58101    2681.14    1.93878
58201    2685.73    1.62534
58301    2690.54    1.67356
58401    2695.05    1.87159
58501    2699.43    1.89321
58601    2704.15    1.84745
58701    2708.74    1.87782
58801    2713.38    1.85762
58901    2717.67    1.84913
59001    2721.87    2.13874
59101    2726.38    1.97245
59201    2731.08    1.73223
59301    2735.93    1.69194
59401    2740.26    1.83101
59501    2744.79    1.75717
59601    2749.27    1.70579
59701    2753.6    1.88418
59801    2758.1    2.02095
59901    2762.64    2.23838
60001    2766.7    1.76257
60101    2771.27    1.80027
60201    2776.03    1.91926
60301    2781.39    1.78438
60401    2785.98    1.72759
60501    2790.46    1.62328
60601    2794.49    1.83743
60701    2798.54    1.72519
60801    2802.75    1.68725
60901    2807.46    1.6759
61001    2812.3    1.68963
61101    2816.23    1.83478
61201    2820.24    1.73744
61301    2824.91    1.70171
61401    2829.27    2.0112
61501    2834.03    1.81136
61601    2837.9    1.73331
61701    2842.02    1.69099
61801    2846.43    1.82582
61901    2851.22    1.75598
62001    2856.05    1.78652
62101    2860.8    1.82391
62201    2865.12    1.84017
62301    2869.34    1.88192
62401    2874.1    1.79818
62501    2878.5    1.71607
62601    2883.43    1.83712
62701    2888.09    1.71918
62801    2892.87    1.83671
62901    2897.52    1.90861
63001    2902.03    1.82697
63101    2906.22    1.6858
63201    2910.75    1.65488
63301    2915.39    1.68258
63401    2919.74    1.84739
63501    2924.34    1.94266
63601    2928.97    1.96408
63701    2933.89    1.89977
63801    2938.48    1.80732
63901    2942.69    1.87769
64001    2947.49    1.61995
64101    2952.28    2.20481
64201    2957.18    2.64982
64301    2962.16    1.61495
64401    2966.32    1.60408
64501    2971.4    1.68367
64601    2976.14    1.63866
64701    2980.38    1.6166
64801    2985.18    1.69493
64901    2990.11    1.6624
65001    2994.92    1.64754
65101    2999.72    1.65487
65201    3004.35    1.74756
65301    3009.73    1.61771
65401    3014.73    1.71831
65501    3019.58    1.72733
65601    3023.7    1.73082
65701    3027.86    1.62099
65801    3031.76    1.66537
65901    3036.81    1.81345
66001    3041.82    1.75368
66101    3046.85    2.29395
66201    3051.41    1.71206
66301    3056.21    1.70617
66401    3060.4    1.70762
66501    3064.9    1.7938
66601    3069.14    1.80051
66701    3073.76    1.737
66801    3078.63    1.78667
66901    3083.84    1.79346
67001    3088.29    1.88319
67101    3093.17    1.77179
67201    3097.83    1.66009
67301    3101.92    1.65132
67401    3106.95    1.9284
67501    3111.16    1.70602
67601    3115.64    1.81041
67701    3119.96    1.59864
67801    3124.24    1.70226
67901    3128.86    1.71951
68001    3133.42    1.96132
68101    3138.12    1.66019
68201    3142.68    1.94352
68301    3147.21    1.85291
68401    3152.14    1.77071
68501    3156.5    1.68989
68601    3161.1    1.63653
68701    3165.37    1.7597
68801    3170.2    1.71602
68901    3174.61    1.73003
69001    3178.94    1.96386
69101    3183.34    1.68988
69201    3187.59    1.86204
69301    3192.45    1.88138
69401    3197.44    1.61564
69501    3202.1    1.68299
69601    3206.44    1.72815
69701    3211.11    1.80738
69801    3215.71    1.91862
69901    3220.29    2.33842
70001    3224.9    1.7417
70101    3229.68    1.69233
70201    3233.83    1.68272
70301    3238.69    1.71294
70401    3243.27    1.71588
70501    3247.82    1.83138
70601    3252.15    1.73543
70701    3256.59    1.69441
70801    3261.26    1.94085
70901    3265.76    1.79418
71001    3270.97    1.68793
71101    3275.85    1.7601
71201    3280.61    1.78777
71301    3284.62    1.76139
71401    3289.31    1.82081
71501    3293.41    1.98972
71601    3298    1.70411
71701    3302.05    1.64604
71801    3306.66    1.6824
71901    3311.03    1.679
72001    3315.73    1.71987
72101    3320.58    1.69407
72201    3325.53    1.70814
72301    3330.18    1.80469
72401    3335    1.73439
72501    3339.23    1.72934
72601    3344.21    1.67817
72701    3348.97    1.97748
72801    3353.85    1.77115
72901    3357.97    1.71786
73001    3362.46    2.04512
73101    3366.99    1.72156
73201    3371.79    1.71665
73301    3376.53    1.76185
73401    3381.75    1.9352
73501    3386.09    2.20787
73601    3391.22    1.81788
73701    3395.86    1.7973
73801    3400.3    1.75343
73901    3405.23    1.70952
74001    3409.35    1.74356
74101    3414.01    1.70927
74201    3419    1.81641
74301    3423.99    1.84511
74401    3428.25    1.88671
74501    3433.02    1.67598
74601    3437.4    1.76274
74701    3441.55    1.71233
74801    3445.97    1.86014
74901    3450.72    1.70805
75001    3455.72    1.80833
75101    3460.52    1.73376
75201    3465.14    1.78802
75301    3469.88    1.85663
75401    3474.51    1.80074
75501    3478.74    1.63933
75601    3482.58    1.70554
75701    3487.23    1.69702
75801    3491.64    1.68062
75901    3495.4    1.6776
76001    3499.39    1.71787
76101    3504.27    1.76695
76201    3508.8    1.80432
76301    3513.02    1.90945
76401    3517.02    1.90033
76501    3521.34    1.65135
76601    3525.81    1.71202
76701    3530.29    1.70472
76801    3534.37    1.72362
76901    3538.85    1.72492
77001    3542.88    1.61945
77101    3547.25    1.73607
77201    3552.18    1.85534
77301    3556.58    1.72006
77401    3561.82    1.66465
77501    3567.06    1.76021
77601    3571.2    1.83953
77701    3575.53    1.85732
77801    3580.14    1.93131
77901    3584.92    1.6345
78001    3589.97    1.61064
78101    3594.66    2.0431
78201    3598.75    1.71196
78301    3603.89    1.73151
78401    3607.88    1.83883
78501    3613.28    1.6817
78601    3617.79    1.80098
78701    3622.78    1.62617
78801    3627.92    1.5861
78901    3632.42    1.60585
79001    3637.07    1.76546
79101    3641.35    1.74365
79201    3645.94    1.8441
79301    3651.06    1.80442
79401    3655.94    1.7685
79501    3660.97    1.63422
79601    3665.02    1.66555
79701    3670.15    1.63628
79801    3675.2    1.77794
79901    3679.51    1.85723
80001    3684.56    1.78162
80101    3689.43    1.79966
80201    3693.63    1.71974
80301    3698.11    1.70424
80401    3702.77    1.63838
80501    3707.24    1.70123
80601    3712.25    1.64108
80701    3716.51    1.67336
80801    3720.85    1.77979
80901    3725.34    1.85618
81001    3729.53    1.69871
81101    3733.78    1.77644
81201    3738.32    1.82203
81301    3742.4    1.96892
81401    3746.65    1.80953
81501    3751.51    1.73065
81601    3756.2    1.91817
81701    3760.14    1.83851
81801    3765.2    1.71467
81901    3769.54    1.82507
82001    3774.88    1.68577
82101    3779.33    1.68142
82201    3783.67    1.70169
82301    3788.27    1.78285
82401    3792.28    1.77273
82501    3796.71    1.80511
82601    3800.9    1.93401
82701    3805.77    1.75871
82801    3810.82    1.75127
82901    3814.94    1.8901
83001    3819.42    1.78385
83101    3824.24    1.80539
83201    3828.31    1.86799
83301    3832.52    2.36927
83401    3837.24    1.62
83501    3842.07    1.62462
83601    3846.71    1.71889
83701    3852.13    1.58575
83801    3857.14    1.6549
83901    3861.33    1.58566
84001    3866.19    1.68159
84101    3870.86    1.66975
84201    3875.68    1.70673
84301    3880.84    1.68733
84401    3886.13    1.7251
84501    3890.13    1.71379
84601    3894.31    1.60081
84701    3898.71    1.58083
84801    3903.73    1.60988
84901    3908.36    1.78486
85001    3912.28    1.69081
85101    3916.65    1.85015
85201    3921.49    1.93547
85301    3925.95    1.7239
85401    3930.3    1.82987
85501    3935.01    1.66626
85601    3939.21    1.71292
85701    3943.22    1.80437
85801    3947.33    1.80578
85901    3952.33    1.65953
86001    3956.39    1.77438
86101    3960.35    1.7395
86201    3964.78    1.96306
86301    3969.7    1.67021
86401    3973.88    1.59448
86501    3978.71    1.73589
86601    3983.15    1.65488
86701    3987.53    1.95347
86801    3992.02    1.83319
86901    3996.69    1.68105
87001    4001.55    2.00941
87101    4005.88    1.80975
87201    4010.16    1.79877
87301    4014.77    1.57445
87401    4019.67    1.68844
87501    4024.4    1.66764
87601    4028.46    1.70874
87701    4033.06    1.70477
87801    4037.65    1.94984
87901    4042.09    1.98057
88001    4046.67    1.82273
88101    4050.77    1.80433
88201    4055.67    1.80112
88301    4059.81    1.81452
88401    4064.03    1.82404
88501    4068.91    1.80939
88601    4073.8    2.03996
88701    4078.91    1.70364
88801    4083.12    1.74564
88901    4087.29    1.779
89001    4092.03    1.78766
89101    4096.38    1.81457
89201    4100.93    1.67776
89301    4105.47    1.82518
89401    4110.33    1.72943
89501    4114.73    1.74803
89601    4119.11    1.80465
89701    4123.58    1.97225
89801    4128.26    1.69686
89901    4132.74    1.68468
90001    4137.24    1.60911
90101    4142.05    1.68612
90201    4146.09    1.78211
90301    4150.92    1.72678
90401    4155.48    1.78931
90501    4160.04    1.95526
90601    4165.01    1.73564
90701    4169.73    1.88614
90801    4174.64    1.64861
90901    4179.1    1.6599
91001    4183.72    1.88992
91101    4188.23    1.64288
91201    4192.58    1.81716
91301    4197.1    1.66589
91401    4202.14    1.61699
91501    4206.94    1.61378
91601    4211.92    1.68553
91701    4216.72    1.83929
91801    4220.73    1.74358
91901    4225.73    1.59936
92001    4229.92    1.77163
92101    4234.48    1.76159
92201    4239.45    2.1183
92301    4244.28    1.91202
92401    4249.02    1.67326
92501    4253.21    1.64183
92601    4257.92    1.77022
92701    4262.19    1.76609
92801    4266.73    2.06118
92901    4270.99    1.90383
93001    4275.03    1.85656
93101    4279.22    1.66387
93201    4283.25    1.74582
93301    4288.08    1.59096
93401    4292.08    1.59726
93501    4296.48    1.69196
93601    4300.6    1.59189
93701    4305.01    1.6673
93801    4309.57    1.63315
93901    4314.63    1.6958
94001    4318.7    1.64386
94101    4323.09    1.65335
94201    4327.23    1.68265
94301    4332.23    1.73968
94401    4337.44    1.56412
94501    4342.52    1.77717
94601    4347.24    1.71932
94701    4351.61    1.84946
94801    4355.75    1.76563
94901    4360.31    1.87899
95001    4365.36    1.82357
95101    4370.49    1.69036
95201    4375.08    1.66755
95301    4379.58    1.53457
95401    4384.49    1.62626
95501    4389.15    1.71112
95601    4393.37    1.71305
95701    4398.1    1.71164
95801    4403.51    1.66872
95901    4408.48    1.73541
96001    4412.87    1.77161
96101    4417.42    1.664
96201    4421.95    1.76154
96301    4426.68    1.78837
96401    4431.21    1.69353
96501    4435.26    1.54348
96601    4440.17    1.78555
96701    4445.05    1.92412
96801    4449.86    1.75671
96901    4454.24    1.68867
97001    4458.7    1.62551
97101    4462.96    1.6956
97201    4467.1    1.65159
97301    4472.07    1.82022
97401    4476.95    1.88671
97501    4481.31    1.52391
97601    4485.52    1.58916
97701    4489.81    1.57967
97801    4494.21    1.62048
97901    4498.96    1.57717
98001    4503.99    1.62025
98101    4508.41    1.61213
98201    4512.69    1.67617
98301    4516.74    1.62906
98401    4521.16    1.67385
98501    4525.52    1.65776
98601    4529.62    1.66316
98701    4533.83    1.59242
98801    4538.59    1.61431
98901    4542.52    1.68591
99001    4547    1.59855
99101    4551.16    1.65842
99201    4555.17    1.64136
99301    4559.89    1.65114
99401    4564.77    1.74351
99501    4570.11    1.61925
99601    4574.91    1.77465
99701    4579.29    1.79898
99801    4583.95    1.96901
99901    4588.96    1.93627
100001    4593.44    1.69032
100101    4598.3    1.82219
100201    4602.64    1.62983
100301    4607.99    1.70628
100401    4612.3    1.86784
100501    4616.73    1.6086
100601    4621.53    1.7806
100701    4625.82    1.64379
100801    4630.46    1.68111
100901    4634.92    1.62546
101001    4638.9    1.68646
101101    4643.26    1.67182
101201    4648.12    1.79814
101301    4653.19    1.67506
101401    4657.86    1.63572
101501    4662.16    2.02843
101601    4667.19    1.65877
101701    4671.57    1.75717
101801    4676.43    1.93187
101901    4681.4    2.21094
102001    4686.4    1.67013
102101    4691.22    1.69407
102201    4695.77    1.71556
102301    4700.33    1.73387
102401    4704.5    1.72454
102501    4709.51    1.66214
102601    4714.56    1.80036
102701    4719.1    1.8874
102801    4724    1.6978
102901    4728.73    1.84038
103001    4732.88    1.74291
103101    4737.23    1.75022
103201    4741.93    1.63075
103301    4746.4    1.76478
103401    4751.09    1.66706
103501    4755.32    1.82222
103601    4760.46    1.65379
103701    4765.34    1.64559
103801    4770.31    1.70384
103901    4774.56    1.76191
104001    4779.41    1.65491
104101    4783.59    2.14899
104201    4787.71    1.70688
104301    4791.55    1.68716
104401    4795.78    1.69165
104501    4800.08    1.61935
104601    4804.11    1.75978
104701    4808.83    2.56386
104801    4812.73    2.07797
104901    4817.88    1.65192
105001    4822.83    1.52041
105101    4826.91    1.62432
105201    4831.6    1.58619
105301    4835.83    1.62685
105401    4839.85    1.63414
105501    4844.13    1.63448
105601    4849.25    1.67016
105701    4854.06    1.6799
105801    4858.84    1.80096
105901    4863.77    1.61477
106001    4869.06    1.63654
106101    4873.53    1.72678
106201    4877.84    1.61641
106301    4882.33    1.67494
106401    4886.95    1.68906
106501    4891.89    1.60596
106601    4896.19    1.87062
106701    4900.53    1.91222
106801    4904.95    1.65176
106901    4908.86    1.63656
107001    4913.34    1.64376
107101    4917.84    1.73886
107201    4922.5    1.73034
107301    4927.25    1.78957
107401    4931.92    1.69238
107501    4936.24    1.76001
107601    4940.26    1.7257
107701    4944.38    1.64001
107801    4948.76    1.58026
107901    4953.08    1.5632
108001    4957.96    1.62123
108101    4963.11    1.72964
108201    4967.71    1.55715
108301    4972.09    1.68105
108401    4977.04    1.719
108501    4981.8    1.65749
108601    4986.45    1.65391
108701    4990.96    1.7613
108801    4995.4    1.83166
108901    4999.74    1.75842
109001    5004.34    1.67761
109101    5009.35    1.65966
109201    5013.51    1.6171
109301    5018.13    1.7002
109401    5023.09    1.60565
109501    5027.58    1.70516
109601    5032.25    1.70101
109701    5036.88    1.74535
109801    5041.96    1.69353
109901    5047.01    1.65617
110001    5051.9    1.71067
110101    5056.3    1.51507
110201    5060.77    1.71847
110301    5065.71    1.73512
110401    5070.45    1.55403
110501    5074.82    1.60124
110601    5079.92    1.6453
110701    5084.75    1.62023
110801    5089.08    1.64393
110901    5093.33    1.6553
111001    5097.64    1.64616
111101    5102.07    1.60593
111201    5107.07    1.61123
111301    5111.78    1.64862
111401    5116.58    1.59666
111501    5121.08    1.54902
111601    5125.05    1.59705
111701    5130.08    1.61751
111801    5134.25    1.5884
111901    5138.95    1.66738
112001    5143.24    1.64085
112101    5147.72    1.65517
112201    5151.9    1.68065
112301    5156.19    1.65277
112401    5161.11    1.66849
112501    5165.6    1.68963
112601    5170.21    1.63006
112701    5175.2    1.68365
112801    5180.24    1.65558
112901    5185.08    1.77048
113001    5189.08    1.71534
113101    5193.29    1.80476
113201    5197.32    1.89026
113301    5202.39    1.78502
113401    5207.21    1.64001
113501    5212.02    1.62658
113601    5216.43    1.76779
113701    5221.27    1.74934
113801    5226.37    1.82134
113901    5231.56    1.70965
114001    5236.57    1.73408
114101    5241.1    1.84014
114201    5245.42    1.80771
114301    5249.52    1.71842
114401    5254.06    1.90317
114501    5258.77    1.8008
114601    5263    1.66845
114701    5267.93    1.71039
114801    5271.84    1.72888
114901    5275.99    1.66397
115001    5280.4    1.62797
115101    5285.25    1.59731
115201    5289.95    1.71996
115301    5294.03    1.54441
115401    5298.11    1.59892
115501    5302.43    1.69475
115601    5307.17    1.60537
115701    5311.78    1.69761
115801    5316.13    1.6991
115901    5320.83    1.68121
116001    5325.16    1.71762
116101    5329.51    2.04007
116201    5334.12    1.74292
116301    5339.03    1.65311
116401    5343.76    1.75321
116501    5348.7    1.62317
116601    5353.9    1.64985
116701    5358.83    1.72828
116801    5363.93    1.77716
116901    5368.61    1.69883
117001    5373.56    1.90123
117101    5378.3    2.05387
117201    5383.25    1.71693
117301    5387.92    1.71923
117401    5392.32    1.60226
117501    5396.51    1.73096
117601    5400.56    1.70945
117701    5404.78    1.78501
117801    5408.82    1.63751
117901    5413.29    1.61432
118001    5418.75    1.7531
118101    5423.75    1.62974
118201    5428.14    1.54866
118301    5433.03    1.5788
118401    5437.23    1.70381
118501    5442.13    1.67242
118601    5447    1.71653
118701    5451.62    1.80874
118801    5455.87    1.86015
118901    5460.81    1.55509
119001    5465.09    1.67238
119101    5469.06    1.65233
119201    5473.61    1.68018
119301    5478.01    1.84622
119401    5482.77    1.81594
119501    5487.9    1.78361
119601    5492.46    1.84283
119701    5496.98    1.68094
119801    5502.12    1.57597
119901    5507.05    1.73916
120001    5511.88    1.71766
120101    5516.71    1.76257
120201    5521.39    1.7619
120301    5526.38    1.83347
120401    5531.44    1.76603
120501    5536.9    1.67284
120601    5541.75    1.69108
120701    5546.69    1.63075
120801    5551.83    1.929
120901    5556.91    1.80718
121001    5561.01    1.8425
121101    5565.54    1.84665
121201    5570.35    1.93137
121301    5574.72    1.62035
121401    5578.95    1.60912
121501    5583.32    1.8473
121601    5588.19    1.70123
121701    5592.4    1.76342
121801    5596.5    1.70199
121901    5602.02    1.63534
122001    5605.98    1.58967
122101    5610.63    1.86029
122201    5615.06    1.65766
122301    5619.18    1.6234
122401    5624.12    1.66657
122501    5628.24    1.65752
122601    5633    1.59562
122701    5637.77    1.7826
122801    5642.21    1.7097
122901    5646.84    1.617
123001    5651.71    1.82857
123101    5656.35    1.7026
123201    5661.18    1.72954
123301    5665.55    1.73353
123401    5670.23    1.80725
123501    5674.54    1.72976
123601    5679.33    1.67757
123701    5683.65    1.68829
123801    5688.39    1.55804
123901    5692.9    1.70513
124001    5697.55    1.84512
124101    5702.03    1.65702
124201    5706.88    1.63167
124301    5711.35    1.65652
124401    5715.75    1.76245
124501    5720.99    1.59561
124601    5725.93    1.56142
124701    5730.46    1.687
124801    5735.06    1.68824
124901    5739.65    1.78267
125001    5744.33    1.64036
125101    5748.93    1.77383
125201    5753.5    1.78242
125301    5758.52    1.80466
125401    5762.7    1.83594
125501    5767.31    1.73304
125601    5771.58    1.62964
125701    5776.44    1.58235
125801    5780.35    1.62952
125901    5784.68    1.67339
126001    5789.04    1.8265
126101    5793.78    1.70006
126201    5798.09    1.59298
126301    5802.18    1.61925
126401    5806.83    1.6124
126501    5811.83    1.47808
126601    5816.7    1.72419
126701    5821.76    1.67011
126801    5827.02    1.71979
126901    5831.95    1.67181
127001    5837.03    1.70599
127101    5841.15    1.59999
127201    5845.51    1.84854
127301    5849.89    1.55696
127401    5854.31    1.73216
127501    5858.84    1.63465
127601    5863.45    1.54588
127701    5868.02    1.62471
127801    5872.71    1.60226
127901    5877.1    1.8444
128001    5881.74    1.62885
128101    5885.93    1.66725
128201    5890.56    1.6404
128301    5894.98    1.78307
128401    5899.73    1.54864
128501    5904.61    1.57105
128601    5909.38    1.53489
128701    5913.65    1.63274
128801    5918.15    1.52366
128901    5922.66    1.65758
129001    5927.14    1.68768
129101    5932.05    1.68259
129201    5936.64    1.61152
129301    5941.41    1.59915
129401    5946.1    1.59395
129501    5950.41    1.62297
129601    5955.08    1.69368
129701    5959.84    1.66897
129801    5964.72    1.70504
129901    5969.02    1.6537
130001    5973.05    1.58587
130101    5977.33    1.6638
130201    5981.68    1.65288
130301    5986.44    1.66356
130401    5991.22    1.62446
130501    5995.7    1.65204
130601    6000.69    1.63184
130701    6005.22    1.63746
130801    6009.45    1.69777
130901    6013.98    1.74697
131001    6018.95    1.90149
131101    6023.32    1.72111
131201    6028.16    1.69577
131301    6033.01    1.86345
131401    6038.02    1.7446
131501    6042.54    1.70978
131601    6047.57    1.65376
131701    6052.69    1.57529
131801    6057.36    1.62382
131901    6062.25    1.65274
132001    6066.73    1.6841
132101    6071.16    1.74014
132201    6075.65    1.65183
132301    6080.31    1.57502
132401    6084.93    1.68633
132501    6089.86    1.73817
132601    6094.71    1.70155
132701    6099.18    1.62844
132801    6103.89    1.6023
132901    6108.24    1.64808
133001    6112.73    1.75634
133101    6116.74    1.64486
133201    6121.94    1.65971
133301    6126.28    1.72612
133401    6131.03    1.77922
133501    6135.45    1.73886
133601    6140.25    1.75898
133701    6144.8    1.71153
133801    6149.61    1.81408
133901    6154.32    1.75298
134001    6159.27    1.74624
134101    6163.81    1.61222
134201    6169.01    1.58661
134301    6173.58    1.63614
134401    6178.16    1.66097
134501    6182.59    1.58164
134601    6187.09    1.68935
134701    6191.8    2.41901
134801    6196.12    1.59104
134901    6200.57    1.56814
135001    6205.13    1.57309
135101    6209.97    1.63158
135201    6213.75    1.55747
135301    6218.43    1.5964
135401    6223.42    1.65527
135501    6227.93    1.6986
135601    6232.52    1.73806
135701    6237.17    1.80401
135801    6241.83    2.11321
135901    6246.86    1.53274
136001    6251.85    1.67904
136101    6256.32    1.59621
136201    6261.02    1.66194
136301    6265.11    1.60758
136401    6269.82    1.66404
136501    6274.56    1.68134
136601    6279.44    1.61034
136701    6284.38    1.66046
136801    6289.57    1.575
136901    6294.35    1.69416
137001    6298.71    1.6436
137101    6303.54    1.71136
137201    6308.75    1.77556
137301    6313.55    1.73804
137401    6318.43    1.64553
137501    6322.74    1.67166
137601    6327.32    1.80029
137701    6331.51    2.41522
137801    6336.05    1.79754
137901    6340.5    1.80747
138001    6345.25    1.59351
138101    6349.9    1.73867
138201    6354.59    1.7947
138301    6359.19    1.85782
138401    6364.11    1.47752
138501    6368.97    1.55926
138601    6373.89    1.60043
138701    6379.26    1.65589
138801    6383.72    1.63138
138901    6388.24    1.73465
139001    6392.95    1.84958
139101    6398.03    1.64778
139201    6403.01    1.72099
139301    6407.4    1.66169
139401    6411.71    1.60018
139501    6416.56    1.72384
139601    6421.37    1.69914
139701    6425.97    1.7356
139801    6430.98    1.71427
139901    6435.21    1.72728
140001    6439.55    1.64735
140101    6443.88    1.78352
140201    6448.31    1.769
140301    6453.05    1.78629
140401    6457.94    1.70716
140501    6462.76    1.84869
140601    6467.34    1.70909
140701    6472.32    1.66444
140801    6477.37    1.59701
140901    6482.1    1.72493
141001    6487.02    1.51333
141101    6491.71    1.62246
141201    6496.45    1.78847
141301    6501.48    1.68077
141401    6506.14    1.90701
141501    6510.86    1.73173
141601    6514.97    2.37678
141701    6518.96    1.6089
141801    6523.53    1.6429
141901    6527.85    1.66642
142001    6532.48    1.69808
142101    6536.89    1.67907
142201    6540.96    1.5834
142301    6545.81    1.65964
142401    6550.64    1.65341
142501    6555.57    1.51587
142601    6560.39    1.60824
142701    6565.37    1.49358
142801    6569.97    1.58035
142901    6574.08    1.67684
143001    6578.9    1.68606
143101    6583.92    1.63702
143201    6588.57    1.79881
143301    6592.9    1.64083
143401    6597.4    1.63413
143501    6601.67    1.61575
143601    6606.31    1.64311
143701    6611.21    1.53984
143801    6615.63    1.67059
143901    6619.52    1.61127
144001    6624.58    1.62364
144101    6629.29    1.76148
144201    6633.73    1.80869
144301    6638.74    1.62051
144401    6643.74    1.78155
144501    6648.76    1.85509
144601    6653.34    1.69096
144701    6658.01    1.76507
144801    6662.42    1.71886
144901    6667.13    1.68367
145001    6672.4    1.56295
145101    6676.8    1.65856
145201    6681.48    1.69437
145301    6686.25    1.58697
145401    6690.17    1.52784
145501    6694.14    1.56943
145601    6698.78    1.54218
145701    6703.77    1.57854
145801    6708.55    1.48102
145901    6713.42    1.66684
146001    6717.78    1.66734
146101    6722.72    1.72012
146201    6727.87    1.74669
146301    6732.02    1.66513
146401    6737.27    1.52184
146501    6742.15    1.67086
146601    6746.64    1.73398
146701    6751.13    1.54118
146801    6755.38    1.70497
146901    6760.09    1.60662
147001    6765.13    1.67458
147101    6770.45    1.56235
147201    6775.56    1.57145
147301    6780.19    1.62936
147401    6784.97    1.61584
147501    6789.89    1.69137
147601    6794.39    1.54375
147701    6798.79    1.70938
147801    6803.29    1.66059
147901    6807.45    1.68736
148001    6812.25    1.63382
148101    6817.14    1.69595
148201    6822.16    1.98958
148301    6826.65    1.78336
148401    6831.16    1.75837
148501    6836.19    1.78767
148601    6841.25    1.61211
148701    6846.11    1.70788
148801    6851.02    1.75282
148901    6855.83    1.62758
149001    6860.72    1.6419
149101    6865.54    1.64876
149201    6870.14    1.72141
149301    6875.01    1.60971
149401    6879.88    1.54659
149501    6884.45    1.67054
149601    6889.95    1.58739
149701    6894.88    1.70565
149801    6899.72    1.71622
149901    6904.27    1.74732
150001    6908.67    1.60472
150101    6913.61    1.74227
150201    6918.31    1.81569
150301    6923.2    1.6062
150401    6927.56    1.7101
150501    6932.23    1.78793
150601    6936.39    1.74489
150701    6940.81    1.70679
150801    6945.71    1.59434
150901    6950.86    1.62821
151001    6955    1.6155
151101    6959.56    1.77373
151201    6964.38    1.82173
151301    6969.6    1.71272
151401    6974.22    1.73149
151501    6978.56    1.67837
151601    6982.64    1.68079
151701    6987.45    1.61089
151801    6992.35    1.62633
151901    6996.7    1.81161
152001    7000.81    1.5529
152101    7005.84    1.56165
152201    7009.94    1.60002
152301    7014.7    1.6716
152401    7019.45    1.77304
152501    7024.5    1.63386
152601    7029.4    1.70027
152701    7034.17    1.75798
152801    7039.28    1.62185
152901    7044.14    1.597
153001    7048.81    1.83956
153101    7053.69    1.71289
153201    7057.62    1.67092
153301    7062.56    1.68541
153401    7066.83    1.60072
153501    7071.94    1.64532
153601    7076.55    1.63694
153701    7081.42    1.75408
153801    7085.45    1.68595
153901    7090.08    1.93704
154001    7094.16    1.71923
154101    7098.51    1.75539
154201    7103.45    1.72122
154301    7108.62    1.63507
154401    7113.77    1.68392
154501    7118.55    1.77842
154601    7122.99    2.00197
154701    7127.15    1.7972
154801    7131.75    1.78947
154901    7136.35    1.61915
155001    7140.42    1.60001
155101    7144.91    1.81055
155201    7149.71    1.75019
155301    7153.66    1.71256
155401    7158.3    1.65788
155501    7163.12    1.54254
155601    7168.13    1.70074
155701    7173.09    1.7112
155801    7177.49    1.81657
155901    7182.24    1.83725
156001    7187.27    1.68168
156101    7192.26    1.69576
156201    7197.14    1.70654
156301    7202.07    1.60779
156401    7206.86    1.72445
156501    7211.18    1.72181
156601    7216.06    1.69915
156701    7220.42    1.58306
156801    7225.79    1.52026
156901    7230.82    1.69967
157001    7235.38    1.89688
157101    7240.68    1.599
157201    7245.6    1.58674
157301    7250.54    1.58529
157401    7255.76    1.58186
157501    7260.05    1.58279
157601    7264.87    1.62321
157701    7269.16    1.63344
157801    7273.47    1.82215
157901    7278.37    1.63445
158001    7282.26    1.70244
158101    7286.83    1.72904
158201    7291.24    1.63774
158301    7295.75    1.55576
158401    7300.63    1.62632
158501    7305.62    1.52693
158601    7310.47    1.72062
158701    7314.57    1.6333
158801    7319.53    1.7881
158901    7324.29    1.81692
159001    7329.08    1.67261
159101    7333.61    1.72937
159201    7338.29    1.82556
159301    7342.64    1.91804
159401    7347.23    1.66689
159501    7352.06    1.6457
159601    7357.1    1.69477
159701    7361.31    1.63492
159801    7365.75    1.67297
159901    7370.06    1.63538
160001    7375.01    1.78353
160101    7379.49    1.61163
160201    7383.77    1.5197
160301    7388.71    1.72404
160401    7393.5    1.66832
160501    7398.27    1.67107
160601    7402.86    1.67409
160701    7407.77    1.7095
160801    7412.47    1.67672
160901    7417.29    1.73397
161001    7422.12    1.7032
161101    7426.55    1.70275
161201    7431.24    1.73319
161301    7435.67    1.85629
161401    7440.1    1.61514
161501    7444.5    1.68123
161601    7448.77    1.69504
161701    7452.91    1.6621
161801    7457.44    1.60847
161901    7462.27    1.8781
162001    7466.45    1.88926
162101    7471.21    1.4938
162201    7475.28    1.58455
162301    7480.48    1.56522
162401    7485.02    1.61809
162501    7489    1.66783
162601    7493.47    1.64994
162701    7498.02    1.67879
162801    7502.44    1.60875
162901    7507.24    1.7106
163001    7511.95    1.62283
163101    7515.88    1.57109
163201    7520.2    1.72083
163301    7525.19    1.61934
163401    7529.85    1.67966
163501    7534.79    1.55735
163601    7539.67    1.62959
163701    7544.25    1.75024
163801    7549.04    1.66906
163901    7553.7    1.66553
164001    7558.81    1.56831
164101    7563.24    1.68438
164201    7568.14    1.58458
164301    7572.72    1.7274
164401    7577.52    1.64965
164501    7582.36    1.70673
164601    7587.12    1.60047
164701    7591.71    1.67386
164801    7596.14    1.74086
164901    7600.32    1.81294
165001    7604.72    1.79269
165101    7609.63    1.63616
165201    7613.93    1.63124
165301    7618.29    1.64253
165401    7622.7    1.63696
165501    7627.5    1.7602
165601    7632.06    1.81115
165701    7636.78    1.61653
165801    7641.28    1.62666
165901    7645.61    1.71012
166001    7650.05    1.64968
166101    7654.99    1.56061
166201    7659.86    1.56824
166301    7664.65    1.66311
166401    7669.18    1.62318
166501    7673.99    1.94503
166601    7678.85    1.65363
166701    7684.06    1.63446
166801    7688.59    1.68582
166901    7693.46    1.64704
167001    7697.89    1.63065
167101    7702.51    1.72491
167201    7707.05    2.13202
167301    7711.93    1.70147
167401    7716.52    1.71367
167501    7721.31    1.74576
167601    7725.87    1.88134
167701    7730.39    1.76046
167801    7735.3    1.55039
167901    7739.77    1.65694
168001    7744.63    1.59468
168101    7749.48    1.69784
168201    7753.81    1.69864
168301    7758.88    1.72327
168401    7763.46    1.59186
168501    7768.39    1.6823
168601    7773.53    1.64565
168701    7778.27    1.49725
168801    7783.38    1.61988
168901    7788.85    1.52438
169001    7793.78    1.70439
169101    7798.75    1.61288
169201    7803.18    1.55055
169301    7807.46    1.69065
169401    7811.94    1.57658
169501    7816.72    1.55967
169601    7820.99    1.54816
169701    7826.65    1.51237
169801    7831.21    1.57497
169901    7835.62    1.95298
170001    7840.27    1.6695
170101    7844.84    1.50134
170201    7849.46    2.36079
170301    7853.82    1.5792
170401    7858.51    1.50337
170501    7862.86    1.48025
170601    7867.27    1.52022
170701    7872.06    1.53705
170801    7876.78    1.45194
170901    7881.45    1.53854
171001    7886.07    1.52039
171101    7890.81    1.60509
171201    7895.29    1.5875
171301    7900.12    1.532
171401    7905.09    1.6221
171501    7910.01    1.55463
171601    7914.87    1.58064
171701    7918.95    1.58082
171801    7923.62    1.65414
171901    7928.45    1.58561
172001    7933.38    1.55128
172101    7938.09    1.6312
172201    7942.71    1.56046
172301    7947.36    1.54045
172401    7951.87    1.57473
172501    7957.01    1.5499
172601    7961.72    1.51105
172701    7966.66    1.5508
172801    7971.31    1.57792
172901    7976.19    1.71468
173001    7980.96    1.59819
173101    7985.81    1.59188
173201    7990.48    1.57685
173301    7995.52    1.78632
173401    8000.06    1.8014
173501    8005.18    1.66723
173601    8009.94    1.66291
173701    8014.66    1.63984
173801    8018.8    1.68657
173901    8023.06    1.60279
174001    8028.39    1.69265
174101    8032.83    1.63809
174201    8037.32    1.72165
174301    8042.04    1.72824
174401    8046.89    1.62311
174501    8051.47    1.61657
174601    8055.98    1.59697
174701    8060.38    1.75877
174801    8065.3    1.84404
174901    8069.2    1.66744
175001    8074.16    1.68914
175101    8079.11    1.67901
175201    8084.04    1.80706
175301    8088.59    1.66966
175401    8093.21    1.78788
175501    8098.28    1.69697
175601    8102.98    1.80612
175701    8107.41    2.26669
175801    8111.93    1.65761
175901    8116.39    1.68635
176001    8120.91    1.66271
176101    8125.21    1.8108
176201    8129.54    1.65163
176301    8133.55    1.66485
176401    8138.42    1.83838
176501    8142.94    1.64708
176601    8147.83    1.7655
176701    8152.77    1.71491
176801    8157.86    1.55033
176901    8162.21    1.5589
177001    8166.45    1.61242
177101    8170.87    1.62851
177201    8175.63    1.55636
177301    8180.58    1.65454
177401    8185.32    1.66601
177501    8189.35    1.69352
177601    8193.94    1.59413
177701    8198.12    1.642
177801    8202.75    1.7441
177901    8206.93    1.67162
178001    8211.17    1.69098
178101    8216.19    1.56286
178201    8220.72    1.6931
178301    8225.66    1.59046
178401    8231.08    1.61504
178501    8235.81    1.58572
178601    8239.97    1.58422
178701    8244.52    1.73586
178801    8249.28    1.65178
178901    8254.5    1.5765
179001    8259.76    1.65074
179101    8264.23    1.61114
179201    8268.82    1.68289
179301    8273.24    1.65137
179401    8277.89    1.83179
179501    8282.72    1.59249
179601    8287.43    1.80058
179701    8291.93    1.86967
179801    8296.67    1.6473
179901    8301.15    1.65083
180001    8305.6    1.63717
180101    8309.86    1.56896
180201    8314.48    1.69927
180301    8319.39    1.6257
180401    8323.98    1.6086
180501    8328.81    1.6864
180601    8333.39    1.57765
180701    8337.62    1.77108
180801    8341.83    1.58381
180901    8346.13    1.54172
181001    8350.53    1.5932
181101    8354.88    1.706
181201    8359.96    1.64859
181301    8364.49    1.75728
181401    8368.95    1.62526
181501    8373.74    1.73813
181601    8377.92    1.63922
181701    8382.92    1.77798
181801    8387.17    1.58025
181901    8391.92    1.73152
182001    8396.85    1.54296
182101    8401.24    1.7861
182201    8405.91    1.53215
182301    8410.52    1.536
182401    8415.15    1.50283
182501    8419.34    1.59541
182601    8423.75    1.63272
182701    8427.96    1.7863
182801    8432.4    1.59661
182901    8437.31    1.70067
183001    8441.57    1.73153
183101    8446.58    1.81918
183201    8451.04    1.67934
183301    8455.46    1.73874
183401    8459.91    1.73883
183501    8464.81    1.6288
183601    8469.23    1.63291
183701    8473.91    1.60815
183801    8478.22    1.62437
183901    8482.69    1.5386
184001    8487.46    1.56633
184101    8492.23    1.61862
184201    8496.93    1.53147
184301    8501.97    1.53229
184401    8505.86    1.61622
184501    8510.64    1.67287
184601    8515.44    1.65346
184701    8520.6    1.57895
184801    8525.15    1.61265
184901    8529.83    1.57127
185001    8534.76    1.63016
185101    8539.5    1.47661
185201    8545.39    1.57612
185301    8549.53    1.66213
185401    8554.43    1.71231
185501    8559.11    1.70248
185601    8563.6    1.62937
185701    8568.59    1.6446
185801    8573.66    1.58636
185901    8578.45    1.61817
186001    8583.23    1.73096
186101    8587.83    1.64301
186201    8592.5    1.79503
186301    8597.14    1.78011
186401    8601.76    1.81396
186501    8606.5    1.70167
186601    8611.04    1.53262
186701    8615.6    1.61897
186801    8619.98    1.66002
186901    8624.3    1.77139
187001    8628.89    1.53354
187101    8633.57    1.64202
187201    8637.63    1.68339
187301    8642.09    1.85014
187401    8646.66    1.71822
187501    8651.19    1.9195
187601    8655.86    1.67526
187701    8660.99    1.89111
187801    8666.19    1.53219
187901    8670.51    1.49532
188001    8674.99    1.52393
188101    8679.51    1.55453
188201    8684.24    1.59564
188301    8688.71    1.60785
188401    8693.34    1.59336
188501    8697.96    1.54881
188601    8702.36    1.48846
188701    8707.21    1.57406
188801    8712.12    1.57878
188901    8716.63    1.61693
189001    8720.85    1.60773
189101    8725.43    1.63319
189201    8730.05    1.6116
189301    8734.65    1.67805
189401    8739.08    1.5839
189501    8743.33    1.61643
189601    8747.79    1.62816
189701    8751.79    1.7248
189801    8756.35    1.64668
189901    8761.26    1.5942
190001    8765.79    1.72124
190101    8770.15    1.75888
190201    8775.06    1.50242
190301    8779.53    1.59872
190401    8784.13    1.49361
190501    8788.76    1.63973
190601    8793.52    1.61603
190701    8798.39    1.71891
190801    8802.79    1.67797
190901    8807.63    1.61405
191001    8812.54    1.57935
191101    8817.15    1.68728
191201    8821.58    1.85173
191301    8825.89    1.82759
191401    8830.73    1.75388
191501    8835.22    1.75437
191601    8839.79    1.67975
191701    8844.6    1.73035
191801    8849.11    1.73932
191901    8853.68    1.64461
192001    8858.74    1.56564
192101    8863.35    1.6551
192201    8868.04    1.63003
192301    8872.74    1.65527
192401    8876.9    1.66996
192501    8881.21    1.68976
192601    8885.37    1.72194
192701    8890.05    1.65407
192801    8894.57    1.69372
192901    8898.85    1.65386
193001    8903.55    1.65227
193101    8907.88    1.64489
193201    8912.42    1.53429
193301    8916.8    1.68341
193401    8921.29    1.59498
193501    8925.48    1.72134
193601    8929.73    1.58929
193701    8934.48    1.66369
193801    8939.19    1.65543
193901    8943.86    1.61183
194001    8948.45    1.72591
194101    8952.87    1.71833
194201    8957.39    1.83208
194301    8961.98    2.2195
194401    8966.64    1.62635
194501    8971    1.72878
194601    8975.22    1.66969
194701    8979.61    1.90433
194801    8984.41    1.62044
194901    8989.15    1.67185
195001    8993.74    1.57857
195101    8998.63    1.67428
195201    9003.86    1.62648
195301    9008.47    1.70895
195401    9012.62    1.65905
195501    9016.79    1.77413
195601    9020.96    1.79721
195701    9025.29    1.79459
195801    9030.11    1.61986
195901    9034.84    1.52366
196001    9039.69    1.54481
196101    9044.9    1.60815
196201    9048.88    1.70019
196301    9053    1.65145
196401    9057.17    1.75417
196501    9061.86    1.58741
196601    9065.93    1.57656
196701    9070.26    2.01061
196801    9074.67    1.70301
196901    9079.45    1.60612
197001    9084.35    1.5534
197101    9088.7    1.61628
197201    9093.23    1.69899
197301    9097.49    1.64138
197401    9102.19    1.61663
197501    9106.74    1.64292
197601    9110.89    1.69164
197701    9115.16    1.58013
197801    9120.05    1.87901
197901    9124.92    1.54286
198001    9130.02    1.49983
