1    9.03346    2.00427
101    27.2728    2.31633
201    42.62    2.42291
301    58.1479    2.44825
401    74.2485    2.54936
501    88.466    2.61034
601    102.93    2.51321
701    118.363    2.49902
801    134.04    2.59457
901    148.355    2.52601
1001    165.108    2.85242
1101    181.329    2.54553
1201    196.97    2.47462
1301    213.639    2.60137
1401    230.079    2.82443
1501    245.539    2.67333
1601    261.605    2.66092
1701    275.632    2.50289
1801    291.724    2.6753
1901    306.953    2.37631
2001    321.377    2.8663
2101    337.357    2.6235
2201    353    2.73935
2301    369.11    2.57017
2401    383.206    2.57302
2501    396.871    2.63366
2601    411.194    2.80034
2701    425.79    2.19662
2801    439.928    2.61326
2901    454.354    2.37014
3001    470.098    2.72866
3101    486.5    2.44801
3201    501.441    2.76793
3301    516.9    2.64293
3401    530.58    2.64302
3501    544.935    2.43261
3601    558.666    2.73478
3701    572.388    2.45653
3801    585.733    2.79984
3901    599.152    2.66217
4001    612.549    2.74774
4101    625.88    2.58892
4201    639.513    2.88451
4301    653.207    2.5538
4401    666.85    2.90009
4501    680.95    2.58588
4601    693.951    2.38739
4701    706.358    2.64185
4801    719.093    2.59668
4901    733.098    2.5076
5001    746.398    2.74656
5101    760.56    2.77173
5201    773.875    2.69552
5301    787.775    2.51948
5401    801.462    2.59944
5501    814.649    2.54887
5601    829.425    2.75549
5701    843.421    2.76074
5801    857.271    2.60292
5901    870.696    2.5097
6001    883.882    2.66829
6101    897.071    2.7863
6201    910.709    2.61291
6301    924.542    2.98147
6401    937.949    2.69023
6501    951.576    2.86002
6601    965.156    2.80002
6701    978.638    2.71756
6801    992.163    2.58828
6901    1004.67    2.7171
7001    1018.2    2.68048
7101    1032.27    2.60943
7201    1045.69    2.83455
7301    1059.48    2.67223
7401    1072.42    2.68228
7501    1086.07    2.68964
7601    1099    2.62617
7701    1112.72    2.64952
7801    1126.35    2.55023
7901    1140.18    2.80031
8001    1154.34    2.6972
8101    1167.75    2.92429
8201    1181.1    2.63207
8301    1195.16    2.79116
8401    1208.41    2.43052
8501    1221.88    2.7807
8601    1234.88    2.51554
8701    1248.65    2.70794
8801    1262.52    2.3793
8901    1275.59    2.6149
9001    1288.92    2.68254
9101    1301.83    2.63093
9201    1314.86    2.55092
9301    1328.5    2.93452
9401    1342.27    2.68942
9501    1355.79    2.6532
9601    1369.66    2.79815
9701    1382.36    2.5812
9801    1396.86    2.53713
9901    1410.27    2.63687
10001    1423.81    2.80659
10101    1437    2.66335
10201    1450.64    2.65221
10301    1463.71    2.79779
10401    1476.89    2.64443
10501    1490.95    2.70582
10601    1504.89    2.80222
10701    1519.14    2.8057
10801    1533.43    2.44624
10901    1546.57    2.73516
11001    1560.04    2.82169
11101    1573.23    2.68091
11201    1587.71    2.79932
11301    1601.14    2.47601
11401    1615    2.55951
11501    1628.29    2.74475
11601    1641.68    2.76215
11701    1655.11    2.65218
11801    1667.54    2.84587
11901    1681.18    2.60903
12001    1694.75    2.64595
12101    1708.36    2.54087
12201    1721.55    2.69989
12301    1734.84    2.60031
12401    1748.19    2.5913
12501    1761.8    2.76375
12601    1774.87    2.51045
12701    1788.02    2.88492
12801    1801.58    2.54968
12901    1815.04    2.62683
13001    1827.57    2.76717
13101    1841.16    2.52381
13201    1855.26    2.89404
13301    1868.58    2.56567
13401    1882.69    2.9517
13501    1895.8    2.67653
13601    1909.15    2.66259
13701    1922.6    2.85088
13801    1935.7    2.70422
13901    1949.75    2.84154
14001    1962.83    2.64594
14101    1976.18    2.87778
14201    1989.76    2.7374
14301    2003.32    2.81016
14401    2016.96    2.74501
14501    2030.45    2.65586
14601    2044.26    2.51859
14701    2057.4    2.79544
14801    2070.24    2.62673
14901    2083.67    2.84919
15001    2097.13    2.71914
15101    2110.99    2.65138
15201    2125.12    2.84704
15301    2138.46    2.50664
15401    2151.77    3.0592
15501    2165.72    2.40965
15601    2179.94    2.70149
15701    2193.78    2.65406
15801    2207.17    2.76078
15901    2220.36    2.6797
16001    2234.29    2.81846
16101    2247.52    2.69756
16201    2261.98    2.41909
16301    2275.66    2.57627
16401    2289.52    2.87121
16501    2303.34    2.81014
16601    2316.54    2.8799
16701    2329.86    2.53321
16801    2343.07    2.89741
16901    2356.12    2.91405
17001    2369.58    2.54961
17101    2383.63    2.78445
17201    2396.98    2.74645
17301    2411.25    2.63465
17401    2424.85    2.79701
17501    2438.39    2.75425
17601    2451.02    2.78541
17701    2464.54    2.5489
17801    2478.07    2.48747
17901    2492.02    2.74669
18001    2505.97    2.93395
18101    2519.53    2.53562
18201    2532.82    2.75242
18301    2546.35    2.7685
18401    2559.66    2.68595
18501    2572.67    2.65349
18601    2586.51    2.49039
18701    2600.07    2.60418
18801    2613.9    2.72429
18901    2627.3    2.97904
19001    2640.77    2.56324
19101    2654.18    2.37628
19201    2667.03    2.62988
19301    2680.22    2.75952
19401    2694.18    2.77396
19501    2708.12    2.73673
19601    2721.98    2.55756
19701    2735.78    2.75826
19801    2748.37    2.80123
19901    2762.28    2.49254
20001    2775.7    2.93432
20101    2789.03    2.72041
20201    2802.69    2.58421
20301    2816.37    2.7937
20401    2829.55    2.8494
20501    2842.91    2.80313
20601    2856.31    2.72652
20701    2869.48    2.62502
20801    2883.04    2.96266
20901    2897.13    2.66361
21001    2910.86    2.61112
21101    2924.98    2.93356
21201    2938.63    2.64715
21301    2952.22    2.81583
21401    2965.5    2.66745
21501    2978.18    2.57652
21601    2991.97    2.87277
21701    3005.28    2.82364
21801    3019.61    2.76843
21901    3033.12    2.87688
22001    3046.27    2.53601
22101    3059.67    2.61555
22201    3073.64    2.74425
22301    3087.02    2.60784
22401    3100.54    2.54463
22501    3113.77    2.76145
22601    3127.14    2.86192
22701    3140.88    2.8141
22801    3154.25    2.66055
22901    3167.54    2.85411
23001    3180.68    2.61381
23101    3194.1    2.63828
23201    3207.58    2.56162
23301    3220.8    2.5209
23401    3233.84    2.51372
23501    3247.61    2.46954
23601    3261.59    2.61133
23701    3277.13    2.55609
23801    3293.5    2.71499
23901    3308.21    2.51499
24001    3322.22    2.5781
24101    3335.41    2.36303
24201    3349.16    2.45737
24301    3363.2    2.61501
24401    3377.25    2.80703
24501    3391.04    2.72408
24601    3405.25    2.8194
24701    3419.55    2.85284
24801    3433.35    2.81851
24901    3446.77    2.642
25001    3460.88    2.61447
25101    3474.53    2.71535
25201    3487.48    2.75485
25301    3501.47    2.65107
25401    3515.29    2.76256
25501    3529.04    3.03412
25601    3542.88    2.97759
25701    3557.34    2.53926
25801    3571.54    2.48854
25901    3585.44    2.49148
26001    3599.19    2.71052
26101    3612.8    2.55536
26201    3626.39    2.73331
26301    3640.31    2.47142
26401    3654.22    2.84251
26501    3668.45    2.77324
26601    3681.96    2.57937
26701    3695.05    2.61141
26801    3708.54    2.63418
26901    3722.13    2.61762
27001    3735.28    2.59634
27101    3749.24    2.69375
27201    3762.85    2.74713
27301    3776.93    2.7293
27401    3791.35    2.56443
27501    3804.93    2.80217
27601    3818.22    2.63384
27701    3831.57    2.5604
27801    3845.78    2.75899
27901    3858.58    2.6886
28001    3872.04    2.42815
28101    3885.93    2.81297
28201    3899.88    2.86702
28301    3913.93    2.52518
28401    3929.17    2.67121
28501    3943.18    2.72042
28601    3957.39    2.73038
28701    3970.21    2.71934
28801    3983.34    2.71121
28901    3996.74    2.67253
29001    4010.54    2.63421
29101    4024.82    2.6352
29201    4038.45    2.66436
29301    4052.39    2.56787
29401    4066.07    2.57864
29501    4080.69    2.66215
29601    4094.44    2.50481
29701    4108.44    2.69727
29801    4122.52    2.51471
29901    4135.91    3.02597
30001    4150.77    2.70082
30101    4164.73    2.66444
30201    4178.4    2.42672
30301    4192.21    2.57096
30401    4206.17    2.66864
30501    4220.48    2.70648
30601    4234.84    2.4032
30701    4248.05    2.76444
30801    4262    2.61084
30901    4276.27    2.60252
31001    4290.01    2.53597
31101    4303.48    2.52474
31201    4317.39    2.81754
31301    4331.87    2.61846
31401    4346.18    2.54431
31501    4360.23    2.65963
31601    4374.47    2.96877
31701    4388.03    2.52947
31801    4402.4    2.47945
31901    4416.7    2.5841
32001    4431.35    2.67451
32101    4444.95    2.72211
32201    4457.66    2.53851
32301    4471.11    2.57806
32401    4484.31    2.52424
32501    4497.41    2.63508
32601    4511.79    2.88621
32701    4526.03    2.57367
32801    4539.38    2.69356
32901    4552.22    2.45742
33001    4565.83    2.50858
33101    4579.18    2.73222
33201    4592.7    2.57188
33301    4606.28    2.80985
33401    4619.7    2.51773
33501    4633.25    2.44004
33601    4646.9    2.64545
33701    4660.15    2.48519
33801    4673.4    2.48962
33901    4686.33    2.5297
34001    4700.08    2.63327
34101    4713.69    2.45072
34201    4726.63    2.64323
34301    4739.6    2.42133
34401    4753.28    2.58062
34501    4766.99    2.42513
34601    4780.18    2.7503
34701    4793.21    2.40792
34801    4805.97    2.55604
34901    4818.73    2.6773
35001    4832.27    2.51629
35101    4845.34    2.55278
35201    4858.61    2.48481
35301    4872.32    2.7725
35401    4886.11    2.5083
35501    4899.63    2.54073
35601    4913.34    2.68531
35701    4927.21    2.54052
35801    4941.07    2.95201
35901    4955    2.68786
36001    4967.95    2.49506
36101    4981.5    2.45929
36201    4995.67    2.56022
36301    5008.85    2.62879
36401    5022.62    2.64092
36501    5035.73    2.6245
36601    5048.55    2.76573
36701    5063.06    2.62944
36801    5076.46    2.63956
36901    5090.53    2.44023
37001    5104.19    2.6521
37101    5117.79    2.86641
37201    5134.67    2.76091
37301    5151.51    2.5572
37401    5168.87    2.65939
37501    5185.91    2.48806
37601    5202.4    2.54893
37701    5215.43    2.57727
37801    5229.94    2.54683
37901    5245.34    2.60005
38001    5259.04    2.83539
38101    5273.06    2.45027
38201    5286.62    2.72414
38301    5299.34    2.88142
38401    5312.78    2.4603
38501    5326.11    2.62911
38601    5339.91    2.61886
38701    5353.37    2.61157
38801    5366.9    2.43798
38901    5380.07    2.49102
39001    5393.41    2.38045
39101    5406.08    2.58139
39201    5419.76    2.85566
39301    5433.4    2.46341
39401    5446.8    2.45396
39501    5460    2.59872
39601    5473.16    2.39456
39701    5486.66    2.52299
39801    5499.27    2.62823
39901    5512.08    2.36915
40001    5525.79    2.55982
40101    5539.31    2.38994
40201    5553.28    2.61956
40301    5566.55    2.62917
40401    5579.55    2.54523
40501    5595.11    2.32336
40601    5608    2.47067
40701    5621.17    2.47292
40801    5633.99    2.45812
40901    5647.27    2.55171
41001    5660.13    2.64391
41101    5673.42    2.42701
41201    5686.6    2.47511
41301    5700.08    2.60453
41401    5713.74    2.84767
41501    5726.84    2.6962
41601    5740.27    2.40537
41701    5753.9    2.47267
41801    5767.83    2.64753
41901    5781.26    2.50509
42001    5794.6    2.48992
42101    5807.63    2.44322
42201    5820.8    2.44354
42301    5834.78    2.59203
42401    5847.24    2.44506
42501    5861.5    2.56537
42601    5875.15    2.46861
42701    5889.61    2.67639
42801    5903.06    2.59366
42901    5916.57    2.44753
43001    5928.98    2.46114
43101    5942.72    2.48975
43201    5956.67    2.66361
43301    5970.38    2.48901
43401    5983.83    2.40082
43501    5997.53    2.57712
43601    6010.8    2.50131
43701    6024.21    2.4236
43801    6037.37    2.61656
43901    6050.3    2.61849
44001    6063.53    2.61619
44101    6077.18    2.42496
44201    6090.8    2.36621
44301    6103.92    2.44469
44401    6116.79    2.43939
44501    6130.44    2.71002
44601    6143.78    2.6481
44701    6156.68    2.6048
44801    6170.21    2.90588
44901    6183.46    2.53747
45001    6197.09    2.72912
45101    6210.66    2.46648
45201    6223.92    2.63883
45301    6237.6    2.68639
45401    6250.41    2.59016
45501    6263.12    2.73502
45601    6276.96    2.55407
45701    6290.17    2.51663
45801    6303.04    2.52092
45901    6316.61    2.44704
46001    6330    2.47146
46101    6343.47    2.45473
46201    6356.41    2.56227
46301    6369.86    2.50818
46401    6385.22    2.26734
46501    6399.01    2.55882
46601    6413.31    2.61165
46701    6426.71    2.4042
46801    6440.23    2.39232
46901    6453.55    2.7912
47001    6466.89    2.55227
47101    6480.73    2.52779
47201    6494.33    2.50509
47301    6507.88    2.30944
47401    6520.39    2.40526
47501    6534.1    2.52444
47601    6547.3    2.51236
47701    6560.5    2.55548
47801    6573.09    2.37123
47901    6585.65    2.57978
48001    6598.65    2.5469
48101    6612.03    2.28598
48201    6625.66    2.44018
48301    6639.63    2.38207
48401    6653.19    2.3464
48501    6666.73    2.48976
48601    6680.5    2.39689
48701    6693.9    2.45576
48801    6707.8    2.42267
48901    6721.1    2.36017
49001    6734.26    2.76768
49101    6747.45    2.32119
49201    6761.16    2.4191
49301    6775.11    2.52123
49401    6788.5    2.53106
49501    6802.03    2.4002
49601    6815.5    2.26294
49701    6829.72    2.52543
49801    6843.14    2.473
49901    6856.31    2.41577
50001    6870.12    2.61749
50101    6882.72    2.3412
50201    6896.08    2.58658
50301    6909.9    2.59008
50401    6923.18    2.5513
50501    6938.25    2.33313
50601    6952.34    2.4033
50701    6966.22    2.50154
50801    6979.74    2.3411
50901    6993.8    2.48221
51001    7007.48    2.53155
51101    7020.6    2.46857
51201    7034.38    2.57418
51301    7047.78    2.53579
51401    7061.1    2.41169
51501    7075.28    2.51983
51601    7088.97    2.77101
51701    7102.06    2.37182
51801    7115.79    2.56081
51901    7129.5    2.5832
52001    7142.61    2.31496
52101    7156.4    2.54618
52201    7169.57    2.39786
52301    7184.43    2.49868
52401    7198.2    2.55578
52501    7211.69    2.63708
52601    7225.22    2.51221
52701    7238.63    2.58968
52801    7252.81    2.35979
52901    7267.28    2.32809
53001    7280.04    2.35311
53101    7292.79    2.29122
53201    7306.63    2.43988
53301    7320.35    2.49492
53401    7333.35    2.59482
53501    7347.76    2.592
53601    7361.4    2.32659
53701    7375.65    2.43005
53801    7389.01    2.50853
53901    7401.84    2.38323
54001    7415.72    2.36573
54101    7429.39    2.51975
54201    7442.96    2.57592
54301    7456.97    2.66722
54401    7470.87    2.58536
54501    7483.97    2.46334
54601    7497.83    2.49815
54701    7511.74    2.38245
54801    7524.79    2.29058
54901    7538.72    2.69493
55001    7552.64    2.60621
55101    7566.02    2.57764
55201    7579.93    2.48243
55301    7592.43    2.28502
55401    7606.47    2.74806
55501    7620.05    2.62255
55601    7633.55    2.54957
55701    7646.33    2.51796
55801    7659.75    2.44364
55901    7672.86    2.63461
56001    7685.65    2.54563
56101    7699.5    2.41748
56201    7713.6    2.60871
56301    7727.28    2.64277
56401    7739.98    2.58057
56501    7753.3    2.48916
56601    7766.63    2.63291
56701    7780.51    2.4626
56801    7793.89    2.38789
56901    7807.64    2.44801
57001    7821.15    2.35931
57101    7834.2    2.55676
57201    7846.35    2.40868
57301    7860.04    2.51976
57401    7874.07    2.45754
57501    7887.45    2.56538
57601    7900.45    2.36444
57701    7913.8    2.46026
57801    7927.39    2.58765
57901    7941.09    2.55422
58001    7954.01    2.71342
58101    7967.77    2.54999
58201    7981.53    2.37718
58301    7994.51    2.5226
58401    8007.96    2.48854
58501    8022.32    2.52069
58601    8035.45    2.53564
58701    8048.15    2.75604
58801    8061.77    2.6517
58901    8075.17    2.39482
59001    8088.38    2.55025
59101    8101.79    2.42787
59201    8115.69    2.46691
59301    8129.04    2.61536
59401    8144.09    2.41741
59501    8157.97    2.40738
59601    8171.46    2.53494
59701    8184.18    2.54181
59801    8197.28    2.4405
59901    8210.82    2.55431
60001    8224.15    2.51369
60101    8237.43    2.35946
60201    8250.85    2.46213
60301    8264.41    2.41194
60401    8277.52    2.55085
60501    8291.19    2.57561
60601    8304.95    2.837
60701    8317.45    2.37735
60801    8331.48    2.44161
60901    8344.99    2.40575
61001    8358.01    2.47358
61101    8371.44    2.46517
61201    8384.55    2.28627
61301    8398.37    2.40957
61401    8412.73    2.63281
61501    8426.31    2.48805
61601    8439.08    2.37145
61701    8452.36    2.3561
61801    8466.07    2.54574
61901    8479.23    2.50622
62001    8493.06    2.37073
62101    8507.23    2.41189
62201    8520.7    2.48606
62301    8535.06    2.35306
62401    8548.98    2.48201
62501    8562.26    2.57193
62601    8575.72    2.53884
62701    8590.02    2.44051
62801    8603.76    2.526
62901    8617.01    2.50236
63001    8630.75    2.36251
63101    8644.56    2.55123
63201    8657.94    2.59532
63301    8671.5    2.34906
63401    8685.17    2.58883
63501    8698.34    2.49226
63601    8712    2.49232
63701    8725.52    2.55293
63801    8739.06    2.48695
63901    8753.17    2.42706
64001    8766.07    2.44494
64101    8779.36    2.30895
64201    8793.54    2.47904
64301    8807.14    2.39213
64401    8820.35    2.36541
64501    8833.79    2.54115
64601    8846.99    2.31728
64701    8860.09    2.4425
64801    8873.66    2.43459
64901    8887.57    2.4318
65001    8901.39    2.51278
65101    8914.72    2.51767
65201    8927.65    2.39752
65301    8941.65    2.55318
65401    8955.93    2.40514
65501    8970.14    2.44149
65601    8983.88    2.47081
65701    8996.82    2.3289
65801    9009.81    2.25917
65901    9022.68    2.55501
66001    9035.74    2.33024
66101    9049.58    2.31823
66201    9063.22    2.35362
66301    9077.7    2.52573
66401    9090.68    2.37301
66501    9104.57    2.43447
66601    9117.69    2.35352
66701    9131.04    2.42018
66801    9144.34    2.32466
66901    9157.86    2.52923
67001    9171.23    2.40995
67101    9184.37    2.45027
67201    9197.58    2.33784
67301    9211.51    2.39541
67401    9224.39    2.52005
67501    9237.83    2.36059
67601    9251.79    2.36874
67701    9265.14    2.56915
67801    9278.97    2.30971
67901    9292.28    2.63639
68001    9305.77    2.66841
68101    9319.14    2.33751
68201    9332.35    2.42479
68301    9346.79    2.32153
68401    9359.86    2.32522
68501    9373.04    2.53579
68601    9385.84    2.96706
68701    9399.23    2.58833
68801    9413.04    2.43944
68901    9426.9    2.51719
69001    9440.87    2.47253
69101    9454.29    2.278
69201    9468.48    2.40215
69301    9482.6    2.47745
69401    9496.58    2.31093
69501    9510.03    2.32637
69601    9523.53    2.42133
69701    9536.65    2.45324
69801    9550.02    2.39243
69901    9563.77    2.41029
70001    9576.64    2.47479
70101    9590.83    2.73066
70201    9604.58    2.38967
70301    9618.02    2.47177
70401    9631.55    2.42329
70501    9645.33    2.36719
70601    9660.04    2.48193
70701    9673.87    2.46164
70801    9687.28    2.30994
70901    9700.33    2.41004
71001    9714.4    2.54948
71101    9727.86    2.50265
71201    9741.13    2.4309
71301    9753.94    2.28087
71401    9767.62    2.43354
71501    9780.58    2.56414
71601    9794.37    2.47368
71701    9808.22    2.46148
71801    9821.86    2.54089
71901    9835.44    2.26866
72001    9849.07    2.44584
72101    9862.03    2.76165
72201    9875.53    2.43842
72301    9889.7    2.34867
72401    9903.52    2.41325
72501    9916.69    2.53844
72601    9930.12    2.52987
72701    9944.63    2.33446
72801    9957.85    2.30662
72901    9971.89    2.49913
73001    9985.17    2.40374
73101    9998.63    2.58971
73201    10013.3    2.36368
73301    10026.7    2.262
73401    10040    2.44954
73501    10053.2    2.42389
73601    10066.5    2.37171
73701    10080.4    2.40954
73801    10093.8    2.7447
73901    10108.2    2.82193
74001    10121.9    2.42759
74101    10135.8    2.36407
74201    10148.6    2.62526
74301    10162.9    3.01608
74401    10175.7    2.2586
74501    10189.4    2.23174
74601    10202.8    2.43359
74701    10216.5    2.46159
74801    10229.8    2.44771
74901    10243.6    2.33439
75001    10256.8    2.28775
75101    10270.2    2.42316
75201    10283.5    2.5038
75301    10296.3    2.4444
75401    10309.3    2.41859
75501    10322.9    2.34348
75601    10336.3    2.46633
75701    10349.9    2.41695
75801    10363.5    2.4054
75901    10377.4    2.50657
76001    10390.9    2.33847
76101    10405.1    2.41414
76201    10419.1    2.40906
76301    10432.1    2.3532
76401    10445.9    2.3608
76501    10459.2    2.39877
76601    10473.5    2.33754
76701    10487.4    2.54097
76801    10501.2    2.5697
76901    10515.2    2.58167
77001    10528.4    2.45825
77101    10542.4    2.37233
77201    10556.5    2.69738
77301    10569.4    2.56229
77401    10583    2.43469
77501    10596.4    2.33995
77601    10609.8    2.33625
77701    10622.8    2.30193
77801    10636.6    2.3383
77901    10650.2    2.37411
78001    10664    2.37949
78101    10677.6    2.51984
78201    10689.8    2.30598
78301    10703.2    2.27255
78401    10716.6    2.43564
78501    10730.1    2.45033
78601    10743.3    2.50054
78701    10756.4    2.43323
78801    10772.5    2.5481
78901    10786.3    2.55432
79001    10799.7    2.42556
79101    10813.3    2.38571
79201    10826.3    2.28346
79301    10839.8    2.454
79401    10853.5    2.31121
79501    10866.4    2.4055
79601    10880.2    2.41489
79701    10894.1    2.36991
79801    10907.8    2.30454
79901    10920.9    2.56668
80001    10934.8    2.23955
80101    10948.2    2.46582
80201    10962.1    2.47633
80301    10975.8    2.42307
80401    10989.4    2.47569
80501    11003.7    2.61712
80601    11017.8    2.52781
80701    11032    2.294
80801    11045.6    2.37528
80901    11058.8    2.3212
81001    11072.6    2.38998
81101    11086    2.41769
81201    11099.4    2.36053
81301    11113.1    2.43467
81401    11126.7    2.46177
81501    11140.4    2.35101
81601    11155.3    2.34872
81701    11168.7    2.39179
81801    11183    2.44735
81901    11197.1    2.24922
82001    11210.4    2.29511
82101    11224.5    2.41923
82201    11238.3    2.43002
82301    11251.5    2.39486
82401    11264.9    2.2674
82501    11278.9    2.51659
82601    11292.4    2.48434
82701    11306.3    2.99331
82801    11320.9    2.45358
82901    11335.4    2.55738
83001    11349.1    2.5833
83101    11362.5    2.35627
83201    11376    2.36967
83301    11389.2    2.34207
83401    11403.1    2.41292
83501    11416.6    2.52201
83601    11429.5    2.43525
83701    11442.9    2.48283
83801    11457.3    2.43535
83901    11470.5    2.47688
84001    11484.1    2.46318
84101    11498    2.39039
84201    11511.2    2.50311
84301    11524.9    2.64588
84401    11538.4    2.60245
84501    11551.7    2.50842
84601    11565.1    2.48194
84701    11578.6    2.63185
84801    11592.4    2.38721
84901    11606.3    2.38159
85001    11619.9    2.51304
85101    11633.6    2.29448
85201    11647.6    2.41084
85301    11660.5    2.34625
85401    11674.3    2.33303
85501    11688.2    2.51139
85601    11701.9    2.42831
85701    11715.4    2.28759
85801    11729.2    2.53823
85901    11743.2    2.39162
86001    11758.3    2.44289
86101    11771.9    2.54065
86201    11785.1    2.57683
86301    11799.3    2.41869
86401    11813    2.36609
86501    11826    2.38308
86601    11839.1    2.35731
86701    11852.7    2.30913
86801    11865.3    2.52427
86901    11878.4    2.7925
87001    11892.4    2.33958
87101    11905.6    2.26647
87201    11920.9    2.37364
87301    11934.4    2.42691
87401    11947.9    2.39743
87501    11961.1    2.48444
87601    11974.1    2.39172
87701    11987.5    2.55287
87801    12000.8    2.55362
87901    12014.2    2.39591
88001    12028.1    2.29178
88101    12041.4    2.54134
88201    12054.7    2.28051
88301    12068.4    2.31627
88401    12082.9    2.59089
88501    12096.4    2.45329
88601    12110.3    2.24748
88701    12124.4    2.29396
88801    12138.3    2.47836
88901    12152    2.45668
89001    12165    2.51032
89101    12179.1    2.38064
89201    12193    2.30743
89301    12206.3    2.48182
89401    12220.4    2.3956
89501    12233.7    2.51005
89601    12247.2    2.31072
89701    12262.2    2.24883
89801    12276.8    2.47327
89901    12290.3    2.71072
90001    12303.7    2.86357
90101    12317.2    2.61577
90201    12330.8    2.30953
90301    12344.3    2.43406
90401    12358.4    2.46027
90501    12372.2    2.27829
90601    12385.8    2.5191
90701    12398.9    2.35666
90801    12413.1    2.43577
90901    12426.9    3.00861
91001    12440.8    2.63075
91101    12455.4    2.35947
91201    12469.4    2.29227
91301    12483.5    2.39411
91401    12497.7    2.48217
91501    12510.7    2.29908
91601    12523.3    2.37827
91701    12536.4    2.36479
91801    12550    2.58488
91901    12563.8    2.26405
92001    12577.3    2.36951
92101    12591.2    2.4623
92201    12604.3    2.4764
92301    12618.1    2.54592
92401    12632.7    2.49806
92501    12646.8    2.43917
92601    12661    2.4433
92701    12674.7    2.48289
92801    12688.4    2.43074
92901    12701.4    2.30551
93001    12714.8    2.35489
93101    12727.7    2.39198
93201    12741.3    2.31606
93301    12755.6    2.31274
93401    12768.7    2.35034
93501    12782.1    2.3696
93601    12796.3    2.41223
93701    12809.4    2.67842
93801    12823.5    2.3784
93901    12837.1    2.32507
94001    12851.1    2.537
94101    12864.8    2.77362
94201    12878.7    2.51949
94301    12892    2.37204
94401    12905.5    2.34179
94501    12918.9    2.46585
94601    12932.2    2.29531
94701    12945.6    2.3877
94801    12960.4    2.49326
94901    12974.3    2.26573
95001    12987.9    2.25378
95101    13001.4    2.22519
95201    13015.4    2.39748
95301    13028.3    2.46861
95401    13041.3    2.55083
95501    13054.6    2.39993
95601    13068.7    2.39751
95701    13082.6    2.41087
95801    13095.7    2.33805
95901    13109.7    2.44508
96001    13123.6    2.54653
96101    13138.3    2.70384
96201    13152.3    2.35702
96301    13165.2    2.2565
96401    13178.6    2.3848
96501    13191.6    2.34268
96601    13205.5    2.31276
96701    13218.7    2.44952
96801    13232.5    2.41225
96901    13246.3    2.4454
97001    13259.6    2.4526
97101    13273.1    2.42923
97201    13286.6    2.33985
97301    13299.8    2.33095
97401    13313.1    2.4222
97501    13327.4    2.67462
97601    13340.3    2.51223
97701    13353.5    2.35595
97801    13366.6    2.38237
97901    13380.7    2.34817
98001    13393.7    2.17955
