1    0.00512    1.94735
101    0.437248    2.07433
201    0.83968    1.97345
301    1.24109    2.0063
401    1.59846    2.0058
501    2.00704    1.986
601    2.41357    1.96485
701    2.79859    1.96576
801    3.23789    1.95775
901    3.73146    1.94887
1001    4.11853    1.94735
1101    4.48307    1.94168
1201    4.85683    1.95187
1301    5.22957    1.9492
1401    5.64736    1.94483
1501    6.0457    1.9507
1601    6.4727    1.9479
1701    6.90074    1.94269
1801    7.26938    1.94158
1901    7.67078    1.93859
2001    8.05069    1.93384
2101    8.4439    1.92805
2201    8.82893    1.93247
2301    9.23341    1.92529
2401    9.59795    1.91567
2501    10.0035    1.91663
2601    10.3864    1.91674
2701    10.7428    1.91951
2801    11.2189    1.91226
2901    11.6398    1.90635
3001    12.0023    1.89945
3101    12.4477    1.89863
3201    12.8666    1.89738
3301    13.2495    1.89549
3401    13.7165    1.89395
3501    14.1384    1.8872
3601    14.4835    1.88153
3701    14.8664    1.87493
3801    15.2279    1.87666
3901    15.6447    1.87294
4001    16.0082    1.87633
4101    16.3809    1.8768
4201    16.7731    1.87405
4301    17.1141    1.86936
4401    17.4162    1.87009
4501    17.7428    1.86698
4601    18.0972    1.86367
4701    18.4822    1.86216
4801    18.8559    1.85946
4901    19.2102    1.86153
5001    19.5707    1.86124
5101    19.9383    1.8591
5201    20.3213    1.85473
5301    20.6684    1.85153
5401    21.0647    1.85108
5501    21.4682    1.8447
5601    21.8593    1.83756
5701    22.3488    1.83379
5801    22.7205    1.83099
5901    23.0513    1.82982
6001    23.4629    1.8263
6101    23.8377    1.82091
6201    24.2104    1.81638
6301    24.5873    1.81184
6401    24.9467    1.8074
6501    25.3297    1.80397
6601    25.6778    1.79733
6701    26.0024    1.79259
6801    26.4274    1.78702
6901    26.8483    1.78265
7001    27.2312    1.77756
7101    27.6347    1.77323
7201    28.0361    1.76782
7301    28.4488    1.76542
7401    28.7928    1.76335
7501    29.1625    1.76053
7601    29.524    1.75729
7701    29.8752    1.75141
7801    30.2735    1.7491
7901    30.676    1.74425
8001    31.1173    1.74028
8101    31.5863    1.73847
8201    31.9386    1.73555
8301    32.3901    1.73027
8401    32.7414    1.7273
8501    33.1356    1.7222
8601    33.5165    1.7195
8701    33.9814    1.71466
8801    34.3624    1.71065
8901    34.7392    1.7063
9001    35.1078    1.70339
9101    35.454    1.70128
9201    35.8441    1.69726
9301    36.2127    1.69339
9401    36.5885    1.69085
9501    36.9551    1.68859
9601    37.3381    1.68574
9701    37.7088    1.6845
9801    38.0846    1.68286
9901    38.4758    1.67967
10001    38.8915    1.67542
10101    39.3114    1.67195
10201    39.7015    1.66841
10301    40.0886    1.66642
10401    40.5402    1.66309
10501    40.9508    1.66127
10601    41.3164    1.65983
10701    41.726    1.65801
10801    42.156    1.65436
10901    42.5144    1.65196
11001    42.9015    1.64963
11101    43.2886    1.64915
11201    43.6531    1.64631
11301    44.0136    1.64737
11401    44.3914    1.64509
11501    44.7447    1.64212
11601    45.1348    1.64093
11701    45.5619    1.63971
11801    45.9663    1.63861
11901    46.3278    1.63656
12001    46.6657    1.63406
12101    47.0784    1.63105
12201    47.3969    1.62985
12301    47.7737    1.62739
12401    48.1475    1.62511
12501    48.511    1.62306
12601    48.855    1.62284
12701    49.1786    1.62344
12801    49.5944    1.62155
12901    50.0992    1.61976
13001    50.4975    1.61824
13101    50.8764    1.61648
13201    51.2942    1.61416
13301    51.7048    1.61184
13401    52.1124    1.61005
13501    52.478    1.60904
13601    52.8742    1.60865
13701    53.3023    1.60713
13801    53.6566    1.60425
13901    54.0508    1.60348
14001    54.4215    1.60252
14101    54.8741    1.60143
14201    55.2468    1.59931
14301    55.7363    1.59545
14401    56.0937    1.59255
14501    56.4982    1.58961
14601    56.874    1.58772
14701    57.2764    1.58524
14801    57.6461    1.58348
14901    58.0116    1.58199
15001    58.455    1.58029
15101    58.9015    1.57823
15201    59.3336    1.57736
15301    59.7473    1.57528
15401    60.2696    1.57335
15501    60.628    1.5724
15601    61.013    1.57159
15701    61.396    1.57097
15801    61.7667    1.57021
15901    62.1394    1.56831
16001    62.5838    1.56653
16101    62.9729    1.56493
16201    63.3119    1.56383
16301    63.657    1.5622
16401    64.0461    1.56044
16501    64.4229    1.55935
16601    64.7844    1.5582
16701    65.1756    1.55663
16801    65.5135    1.55545
16901    65.918    1.55339
17001    66.3081    1.55159
17101    66.687    1.55037
17201    67.1437    1.5475
17301    67.5267    1.54518
17401    67.8973    1.54374
17501    68.2711    1.54317
17601    68.65    1.54284
17701    69.0289    1.54151
17801    69.3852    1.53989
17901    69.9075    1.53769
18001    70.3027    1.53573
18101    70.6683    1.53406
18201    71.0697    1.53267
18301    71.4752    1.53128
18401    71.8356    1.52981
18501    72.2606    1.5293
18601    72.6712    1.52892
18701    73.0194    1.52818
18801    73.3891    1.52624
18901    73.7894    1.52397
19001    74.1888    1.52277
19101    74.5708    1.52159
19201    74.9312    1.52036
19301    75.2609    1.51956
19401    75.6726    1.51759
19501    76.0791    1.51588
19601    76.458    1.51445
19701    76.8512    1.5133
19801    77.2833    1.51117
19901    77.6489    1.51049
20001    78.0012    1.51016
20101    78.3514    1.50882
20201    78.8009    1.50668
20301    79.1511    1.50448
20401    79.5249    1.5036
20501    79.9744    1.50303
20601    80.3635    1.50176
20701    80.7762    1.5005
20801    81.1325    1.49982
20901    81.5596    1.4984
21001    81.9333    1.49692
21101    82.3091    1.49588
21201    82.6941    1.49499
21301    83.0802    1.49339
21401    83.4877    1.49099
21501    83.8932    1.48972
21601    84.309    1.48829
21701    84.6541    1.48782
21801    85.0831    1.4867
21901    85.4723    1.48434
22001    85.8655    1.48222
22101    86.23    1.48088
22201    86.5905    1.47965
22301    86.9509    1.47879
22401    87.3277    1.47788
22501    87.7056    1.47707
22601    88.063    1.47571
22701    88.4521    1.47466
22801    88.8054    1.47344
22901    89.1628    1.47357
23001    89.5283    1.47251
23101    90.026    1.47139
23201    90.4049    1.47028
23301    90.7725    1.46945
23401    91.2118    1.46844
23501    91.5917    1.46686
23601    91.9921    1.46625
23701    92.3689    1.46507
23801    92.7744    1.46427
23901    93.1543    1.46311
24001    93.4973    1.46243
24101    93.9295    1.46144
24201    94.3647    1.4596
24301    94.7845    1.45839
24401    95.1777    1.4572
24501    95.5791    1.45585
24601    95.9693    1.45476
24701    96.4045    1.45379
24801    96.7475    1.45302
24901    97.1469    1.45187
25001    97.5421    1.45067
25101    97.9302    1.44984
25201    98.3398    1.44899
25301    98.7382    1.44807
25401    99.1703    1.44679
25501    99.6342    1.44521
25601    100.1    1.44432
25701    100.438    1.44407
25801    100.798    1.44366
25901    101.144    1.44293
26001    101.523    1.44286
26101    101.905    1.44222
26201    102.299    1.44173
26301    102.672    1.44164
26401    103.028    1.44135
26501    103.441    1.4404
26601    103.754    1.43966
26701    104.197    1.4384
26801    104.584    1.43715
26901    105.008    1.43564
27001    105.378    1.43445
27101    105.748    1.43338
27201    106.154    1.43261
27301    106.558    1.43169
27401    106.994    1.43062
27501    107.368    1.42989
27601    107.782    1.42927
27701    108.171    1.42804
27801    108.577    1.42674
27901    108.951    1.42595
28001    109.311    1.42565
28101    109.813    1.42479
28201    110.279    1.42371
28301    110.658    1.42228
28401    111.005    1.42115
28501    111.384    1.42016
28601    111.732    1.41961
28701    112.195    1.41864
28801    112.554    1.4179
28901    112.921    1.41696
29001    113.307    1.416
29101    113.667    1.41594
29201    114.051    1.41518
29301    114.463    1.41426
29401    114.903    1.41326
29501    115.32    1.41258
29601    115.703    1.4117
29701    116.104    1.41069
29801    116.503    1.40979
29901    116.892    1.40855
30001    117.252    1.40759
30101    117.723    1.40644
30201    118.06    1.40562
30301    118.44    1.40509
30401    118.796    1.40437
30501    119.212    1.40382
30601    119.722    1.40323
30701    120.225    1.40262
30801    120.659    1.40216
30901    121.044    1.40132
31001    121.529    1.40045
31101    121.906    1.39977
31201    122.302    1.39899
31301    122.694    1.39801
31401    123.056    1.39738
31501    123.602    1.3966
31601    124.03    1.39561
31701    124.424    1.39445
31801    124.839    1.39377
31901    125.319    1.39321
32001    125.873    1.39192
32101    126.3    1.39074
32201    126.795    1.3899
32301    127.355    1.38902
32401    127.841    1.38835
32501    128.208    1.38765
32601    128.588    1.3869
32701    129.072    1.38644
32801    129.541    1.38613
32901    129.935    1.38566
33001    130.4    1.38528
33101    130.872    1.3848
33201    131.192    1.38442
33301    131.68    1.38389
33401    132.114    1.3832
33501    132.51    1.38273
33601    132.895    1.38221
33701    133.281    1.38194
33801    133.682    1.38104
33901    134.012    1.38054
34001    134.394    1.38024
34101    134.762    1.37993
34201    135.218    1.37919
34301    135.693    1.37831
34401    136.15    1.37743
34501    136.563    1.37638
34601    136.995    1.37535
34701    137.362    1.3744
34801    137.859    1.37376
34901    138.29    1.37295
35001    138.847    1.372
35101    139.562    1.37126
35201    140.247    1.37064
35301    140.886    1.36967
35401    141.404    1.36881
35501    142.065    1.36781
35601    142.661    1.36692
35701    143.181    1.3662
35801    143.72    1.36572
35901    144.279    1.36526
36001    144.672    1.36465
36101    145.13    1.36397
36201    145.593    1.36323
36301    146.01    1.36282
36401    146.371    1.3624
36501    146.807    1.36175
36601    147.23    1.36135
36701    147.6    1.361
36801    148.045    1.3604
36901    148.428    1.35975
37001    148.903    1.35933
37101    149.356    1.35878
37201    149.861    1.35851
37301    150.246    1.35819
37401    150.675    1.35778
37501    151.165    1.35725
37601    151.613    1.357
37701    152.082    1.35634
37801    152.511    1.35545
37901    152.924    1.35467
38001    153.353    1.35402
38101    153.774    1.3536
38201    154.175    1.3531
38301    154.623    1.35247
38401    155.014    1.35214
38501    155.426    1.35196
38601    155.776    1.35178
38701    156.138    1.35166
38801    156.518    1.35135
38901    156.913    1.35102
39001    157.495    1.35041
39101    157.932    1.34976
39201    158.362    1.34936
39301    158.819    1.34877
39401    159.237    1.34807
39501    159.738    1.3474
39601    160.15    1.34654
39701    160.501    1.34612
39801    160.931    1.34569
39901    161.373    1.34533
40001    161.815    1.34498
40101    162.235    1.34422
40201    162.687    1.34366
40301    163.142    1.34302
40401    163.527    1.34246
40501    163.967    1.34233
40601    164.353    1.34198
40701    164.819    1.34175
40801    165.222    1.34157
40901    165.704    1.34086
41001    166.043    1.34041
41101    166.487    1.34
41201    166.917    1.33948
41301    167.325    1.3392
41401    167.685    1.33906
41501    168.106    1.33899
41601    168.496    1.33864
41701    168.879    1.33842
41801    169.287    1.33796
41901    169.845    1.33732
42001    170.221    1.3372
42101    170.632    1.33684
42201    171.002    1.33654
42301    171.403    1.33643
42401    171.795    1.3361
42501    172.161    1.33586
42601    172.584    1.33534
42701    172.937    1.33497
42801    173.362    1.33441
42901    173.736    1.33392
43001    174.157    1.33347
43101    174.587    1.33303
43201    175.028    1.3327
43301    175.438    1.33232
43401    175.854    1.33198
43501    176.289    1.33167
43601    176.7    1.33116
43701    177.132    1.33054
43801    177.55    1.33014
43901    177.969    1.32969
44001    178.395    1.32921
44101    178.841    1.32877
44201    179.294    1.32831
44301    179.781    1.32788
44401    180.183    1.3276
44501    180.599    1.32746
44601    181.048    1.32732
44701    181.474    1.32684
44801    181.875    1.32652
44901    182.319    1.32607
45001    182.731    1.32578
45101    183.152    1.32541
45201    183.543    1.32513
45301    183.975    1.32454
45401    184.404    1.32418
45501    184.777    1.32389
45601    185.143    1.32362
45701    185.575    1.32341
45801    186.017    1.32309
45901    186.48    1.32253
46001    186.871    1.32216
46101    187.215    1.32203
46201    187.614    1.32201
46301    188.043    1.32173
46401    188.475    1.32143
46501    188.89    1.32105
46601    189.341    1.32067
46701    189.726    1.32028
46801    190.208    1.31959
46901    190.58    1.3194
47001    190.919    1.31935
47101    191.355    1.31896
47201    191.728    1.31856
47301    192.114    1.31815
47401    192.591    1.31765
47501    192.951    1.31715
47601    193.354    1.31669
47701    193.711    1.3161
47801    194.107    1.31588
47901    194.506    1.31561
48001    194.916    1.31533
48101    195.302    1.31528
48201    195.638    1.31524
48301    196.08    1.31535
48401    196.493    1.31527
48501    196.906    1.31521
48601    197.34    1.31496
48701    197.742    1.31464
48801    198.113    1.31441
48901    198.511    1.31413
49001    198.943    1.31372
49101    199.493    1.31353
49201    199.939    1.31316
49301    200.328    1.31266
49401    200.765    1.31205
49501    201.19    1.31177
49601    201.61    1.31166
49701    202.029    1.31144
49801    202.515    1.31098
49901    202.93    1.31081
50001    203.391    1.31044
50101    203.791    1.3102
50201    204.231    1.30982
50301    204.631    1.30943
50401    205.042    1.30903
50501    205.444    1.30867
50601    205.831    1.30834
50701    206.224    1.30805
50801    206.659    1.3076
50901    207.047    1.30714
51001    207.547    1.30664
51101    207.96    1.30626
51201    208.336    1.30616
51301    208.717    1.30609
51401    209.241    1.30571
51501    209.669    1.3055
51601    210.101    1.30522
51701    210.489    1.30502
51801    210.854    1.30482
51901    211.327    1.30445
52001    211.69    1.30418
52101    212.102    1.30374
52201    212.511    1.30323
52301    212.942    1.30298
52401    213.387    1.30254
52501    213.809    1.30228
52601    214.274    1.30217
52701    214.693    1.30166
52801    215.074    1.30146
52901    215.485    1.30099
53001    215.878    1.30068
53101    216.267    1.30032
53201    216.676    1.29978
53301    217.111    1.29929
53401    217.516    1.2988
53501    217.913    1.29874
53601    218.325    1.29872
53701    218.745    1.29861
53801    219.264    1.2984
53901    219.688    1.29808
54001    220.075    1.29789
54101    220.468    1.29772
54201    220.828    1.29735
54301    221.213    1.29714
54401    221.652    1.29663
54501    222.107    1.29625
54601    222.567    1.29593
54701    222.924    1.29572
54801    223.307    1.29551
54901    223.706    1.29531
55001    224.073    1.29514
55101    224.472    1.29476
55201    224.855    1.2945
55301    225.2    1.29415
55401    225.607    1.2939
55501    226.025    1.29362
55601    226.419    1.29325
55701    226.845    1.29297
55801    227.25    1.29286
55901    227.625    1.29258
56001    228.026    1.29227
56101    228.453    1.29184
56201    228.896    1.29164
56301    229.37    1.29135
56401    229.77    1.29112
56501    230.161    1.29075
56601    230.516    1.29062
56701    230.907    1.29056
56801    231.334    1.29048
56901    231.734    1.29033
57001    232.118    1.29048
57101    232.592    1.2902
57201    232.982    1.28984
57301    233.395    1.28951
57401    233.758    1.28922
57501    234.193    1.28884
57601    234.527    1.28853
57701    234.886    1.28831
57801    235.261    1.28808
57901    235.622    1.28798
58001    236.018    1.28775
58101    236.391    1.2876
58201    236.82    1.28738
58301    237.239    1.28719
58401    237.666    1.28685
58501    238.066    1.2866
58601    238.402    1.2865
58701    238.809    1.28645
58801    239.367    1.28608
58901    239.73    1.28579
59001    240.117    1.28531
59101    240.494    1.28503
59201    240.937    1.28467
59301    241.373    1.28427
59401    241.772    1.284
59501    242.075    1.28367
59601    242.479    1.28334
59701    242.87    1.28303
59801    243.29    1.28264
59901    243.707    1.28227
60001    244.103    1.28199
60101    244.526    1.28193
60201    244.972    1.28169
60301    245.441    1.28129
60401    245.853    1.28091
60501    246.286    1.28059
60601    246.732    1.28025
60701    247.115    1.2801
60801    247.529    1.2799
60901    247.983    1.27967
61001    248.395    1.27934
61101    248.811    1.27906
61201    249.296    1.27872
61301    249.731    1.27844
61401    250.084    1.2783
61501    250.477    1.27818
61601    250.956    1.2781
61701    251.32    1.27792
61801    251.715    1.27773
61901    252.092    1.27762
62001    252.489    1.27742
62101    252.901    1.27725
62201    253.315    1.27705
62301    253.779    1.27675
62401    254.17    1.27643
62501    254.581    1.27628
62601    254.964    1.27614
62701    255.373    1.27606
62801    255.842    1.27586
62901    256.248    1.27584
63001    256.621    1.27568
63101    257.003    1.27539
63201    257.396    1.27508
63301    257.792    1.27487
63401    258.213    1.27464
63501    258.608    1.27449
63601    259.161    1.2742
63701    259.596    1.27397
63801    259.998    1.27395
63901    260.41    1.2738
64001    260.839    1.27369
64101    261.261    1.27367
64201    261.658    1.27358
64301    262.057    1.27337
64401    262.459    1.27323
64501    262.912    1.27298
64601    263.322    1.27295
64701    263.746    1.27285
64801    264.163    1.27259
64901    264.509    1.2724
65001    264.908    1.27227
65101    265.308    1.27215
65201    265.757    1.27206
65301    266.127    1.272
65401    266.503    1.27198
65501    266.863    1.27198
65601    267.257    1.27191
65701    267.64    1.27172
65801    268.04    1.27149
65901    268.477    1.27137
66001    268.961    1.27125
66101    269.378    1.27119
66201    269.767    1.27132
66301    270.225    1.27129
66401    270.685    1.27112
66501    271.053    1.27082
66601    271.496    1.27068
66701    271.944    1.27045
66801    272.354    1.27017
66901    272.725    1.27001
67001    273.099    1.26989
67101    273.523    1.26976
67201    273.936    1.2694
67301    274.408    1.26905
67401    274.796    1.2689
67501    275.183    1.26876
67601    275.593    1.26852
67701    275.996    1.26851
67801    276.415    1.26845
67901    276.813    1.26842
68001    277.19    1.26838
68101    277.604    1.26822
68201    278.004    1.26811
68301    278.379    1.26801
68401    278.853    1.2679
68501    279.319    1.26771
68601    279.746    1.26747
68701    280.223    1.26709
68801    280.71    1.26697
68901    281.073    1.26692
69001    281.511    1.26683
69101    281.903    1.26681
69201    282.27    1.26682
69301    282.624    1.26682
69401    283.081    1.26664
69501    283.443    1.26654
69601    283.861    1.26641
69701    284.294    1.26612
69801    284.678    1.26584
69901    285.081    1.26563
70001    285.468    1.26553
70101    285.907    1.26536
70201    286.316    1.26537
70301    286.771    1.26533
70401    287.138    1.26523
70501    287.501    1.26506
70601    287.846    1.26484
70701    288.236    1.26481
70801    288.646    1.2647
70901    289.19    1.26443
71001    289.563    1.26425
71101    289.922    1.26409
71201    290.386    1.26388
71301    290.77    1.26372
71401    291.165    1.26357
71501    291.623    1.26336
71601    292.011    1.26316
71701    292.388    1.26314
71801    292.803    1.2629
71901    293.198    1.26267
72001    293.623    1.26247
72101    294.057    1.26224
72201    294.454    1.26197
72301    294.9    1.26169
72401    295.284    1.26146
72501    295.681    1.26115
72601    296.069    1.26086
72701    296.482    1.26059
72801    296.927    1.26032
72901    297.323    1.26014
73001    297.757    1.25992
73101    298.164    1.25973
73201    298.591    1.2595
73301    299.141    1.25934
73401    299.577    1.25911
73501    299.938    1.25897
73601    300.323    1.25889
73701    300.742    1.25869
73801    301.127    1.25851
73901    301.493    1.2583
74001    301.909    1.25818
74101    302.367    1.25795
74201    302.764    1.25774
74301    303.136    1.25767
74401    303.5    1.25751
74501    303.914    1.25745
74601    304.277    1.25735
74701    304.706    1.2571
74801    305.141    1.25681
74901    305.509    1.25666
75001    305.937    1.25646
75101    306.306    1.25615
75201    306.714    1.25602
75301    307.108    1.25593
75401    307.547    1.25582
75501    307.962    1.25573
75601    308.367    1.25559
75701    308.809    1.25548
75801    309.189    1.25544
75901    309.617    1.25541
76001    310.013    1.25532
76101    310.422    1.25512
76201    310.85    1.25506
76301    311.282    1.25488
76401    311.669    1.25468
76501    312.08    1.25447
76601    312.488    1.25433
76701    312.837    1.2541
76801    313.243    1.25407
76901    313.658    1.25405
77001    314.043    1.25402
77101    314.492    1.2539
77201    314.958    1.25366
77301    315.338    1.25356
77401    315.787    1.2535
77501    316.22    1.25337
77601    316.645    1.25319
77701    316.994    1.2531
77801    317.44    1.25294
77901    317.839    1.2528
78001    318.267    1.2526
78101    318.872    1.25233
78201    319.254    1.25224
78301    319.632    1.2522
78401    320.053    1.25212
78501    320.44    1.25205
78601    320.896    1.25189
78701    321.293    1.2518
78801    321.68    1.25163
78901    322.068    1.25146
79001    322.424    1.25136
79101    322.816    1.2513
79201    323.199    1.2512
79301    323.521    1.25113
79401    323.934    1.2509
79501    324.379    1.25064
79601    324.791    1.25044
79701    325.186    1.25029
79801    325.626    1.2503
79901    325.982    1.25016
80001    326.403    1.25005
80101    326.812    1.2499
80201    327.247    1.24969
80301    327.635    1.2495
80401    328.027    1.24939
80501    328.438    1.24924
80601    328.911    1.2491
80701    329.314    1.249
80801    329.72    1.24895
80901    330.116    1.24884
81001    330.441    1.24875
81101    330.845    1.24856
81201    331.272    1.24853
81301    331.682    1.24837
81401    332.093    1.24826
81501    332.457    1.24805
81601    332.893    1.24785
81701    333.318    1.24771
81801    333.728    1.24757
81901    334.069    1.24751
82001    334.456    1.24734
82101    334.842    1.24717
82201    335.251    1.24705
82301    335.643    1.24701
82401    336.112    1.24686
82501    336.602    1.24674
82601    337.052    1.24656
82701    337.494    1.24644
82801    337.983    1.2463
82901    338.41    1.24629
83001    339.023    1.24619
83101    339.432    1.24621
83201    339.86    1.24615
83301    340.336    1.24608
83401    340.803    1.24606
83501    341.209    1.24601
83601    341.631    1.24599
83701    342.093    1.24596
83801    342.592    1.24591
83901    343.03    1.24583
84001    343.478    1.24576
84101    343.969    1.24568
84201    344.492    1.24569
84301    344.983    1.24559
84401    345.453    1.24558
84501    345.916    1.24543
84601    346.374    1.24531
84701    346.806    1.24521
84801    347.245    1.24513
84901    347.694    1.24505
85001    348.132    1.24496
85101    348.708    1.24488
85201    349.2    1.24473
85301    349.663    1.24466
85401    350.152    1.24461
85501    350.641    1.2446
85601    351.056    1.24457
85701    351.448    1.24454
85801    351.833    1.24463
85901    352.311    1.24465
86001    352.746    1.24459
86101    353.237    1.24448
86201    353.7    1.24447
86301    354.126    1.24448
86401    354.528    1.24452
86501    354.984    1.24444
86601    355.383    1.24444
86701    355.815    1.24454
86801    356.28    1.24464
86901    356.771    1.24453
87001    357.244    1.24442
87101    357.71    1.24438
87201    358.163    1.24437
87301    358.666    1.24432
87401    359.105    1.24424
87501    359.536    1.24417
87601    359.944    1.24417
87701    360.381    1.24417
87801    360.861    1.24412
87901    361.318    1.24417
88001    361.722    1.24418
88101    362.236    1.24418
88201    362.664    1.24418
88301    363.098    1.24417
88401    363.585    1.24412
88501    364.017    1.24407
88601    364.504    1.24396
88701    364.946    1.24377
88801    365.393    1.24378
88901    365.924    1.24362
89001    366.382    1.24341
89101    366.832    1.24321
89201    367.33    1.24301
89301    367.858    1.24289
89401    368.332    1.24277
89501    368.782    1.24265
89601    369.332    1.24257
89701    369.83    1.24246
89801    370.237    1.2424
89901    370.698    1.24243
90001    371.146    1.24243
90101    371.615    1.24233
90201    372.041    1.24224
90301    372.503    1.24215
90401    373    1.24217
90501    373.486    1.24208
90601    373.903    1.24202
90701    374.345    1.24195
90801    374.816    1.24186
90901    375.292    1.24176
91001    375.761    1.24174
91101    376.282    1.2416
91201    376.712    1.24148
91301    377.136    1.24144
91401    377.616    1.24137
91501    378.032    1.24132
91601    378.616    1.24124
91701    379.04    1.24125
91801    379.445    1.24123
91901    379.912    1.24121
92001    380.361    1.24106
92101    380.855    1.24094
92201    381.217    1.24089
92301    381.686    1.24071
92401    382.068    1.24066
92501    382.482    1.24059
92601    382.906    1.24061
92701    383.313    1.24052
92801    383.749    1.24045
92901    384.199    1.24031
93001    384.561    1.2402
93101    384.938    1.24015
93201    385.316    1.24007
93301    385.716    1.24008
93401    386.097    1.24012
93501    386.476    1.2401
93601    386.899    1.24
93701    387.338    1.23991
93801    387.799    1.23982
93901    388.2    1.23979
94001    388.691    1.23974
94101    389.08    1.23969
94201    389.494    1.23962
94301    389.933    1.23955
94401    390.369    1.23945
94501    390.794    1.23934
94601    391.133    1.23931
94701    391.501    1.23933
94801    391.921    1.23931
94901    392.29    1.23922
95001    392.69    1.23917
95101    393.074    1.23909
95201    393.48    1.23901
95301    393.846    1.239
95401    394.203    1.23902
95501    394.689    1.23892
95601    395.132    1.23881
95701    395.482    1.23871
95801    395.902    1.2386
95901    396.273    1.23851
96001    396.683    1.23837
96101    397.089    1.23831
96201    397.498    1.23819
96301    397.919    1.23805
96401    398.434    1.23787
96501    398.871    1.23784
96601    399.252    1.2378
96701    399.629    1.23769
96801    400.045    1.23766
96901    400.43    1.23753
97001    400.92    1.2374
97101    401.356    1.23723
97201    401.76    1.23714
97301    402.245    1.23694
97401    402.649    1.23678
97501    403.049    1.23662
97601    403.503    1.23645
97701    403.934    1.23626
97801    404.251    1.23609
97901    404.661    1.2359
98001    405.046    1.23571
98101    405.437    1.23557
98201    405.808    1.23544
98301    406.2    1.2354
98401    406.616    1.23531
98501    406.972    1.23524
98601    407.397    1.23508
98701    407.911    1.23494
98801    408.298    1.2348
98901    408.707    1.23473
99001    409.094    1.2346
99101    409.473    1.23446
99201    409.864    1.23421
99301    410.307    1.23409
99401    410.725    1.23398
99501    411.09    1.23394
99601    411.489    1.23383
99701    411.914    1.23371
99801    412.312    1.23364
99901    412.673    1.23362
100001    413.046    1.23361
100101    413.427    1.23362
100201    413.796    1.23363
100301    414.217    1.23357
100401    414.636    1.23343
100501    415.031    1.23333
100601    415.493    1.23327
100701    415.885    1.23326
100801    416.241    1.23328
100901    416.618    1.2333
101001    417.083    1.23329
101101    417.525    1.2332
101201    417.904    1.23309
101301    418.315    1.23308
101401    418.702    1.23313
101501    419.129    1.2331
101601    419.529    1.23307
101701    419.907    1.23308
101801    420.329    1.23313
101901    420.72    1.2331
102001    421.05    1.2331
102101    421.453    1.23302
102201    421.868    1.23293
102301    422.291    1.2329
102401    422.71    1.23288
102501    423.137    1.23285
102601    423.662    1.2328
102701    424.133    1.23277
102801    424.582    1.23269
102901    425.015    1.23265
103001    425.47    1.23255
103101    425.828    1.23244
103201    426.204    1.23245
103301    426.619    1.23243
103401    427.031    1.23233
103501    427.453    1.2322
103601    427.923    1.23209
103701    428.361    1.23204
103801    428.815    1.23196
103901    429.152    1.23196
104001    429.551    1.2319
104101    429.952    1.23186
104201    430.304    1.23186
104301    430.742    1.23182
104401    431.109    1.2317
104501    431.566    1.23165
104601    431.927    1.23164
104701    432.266    1.23161
104801    432.663    1.23163
104901    433.018    1.23169
105001    433.391    1.23166
105101    433.801    1.23157
105201    434.153    1.23148
105301    434.535    1.23147
105401    434.889    1.23144
105501    435.28    1.23137
105601    435.666    1.23138
105701    436.065    1.23137
105801    436.462    1.23143
105901    436.921    1.23149
106001    437.307    1.23154
106101    437.667    1.23161
106201    438.069    1.23163
106301    438.475    1.23156
106401    438.856    1.23154
106501    439.177    1.23155
106601    439.574    1.23165
106701    439.957    1.23171
106801    440.34    1.23173
106901    440.747    1.23164
107001    441.116    1.23167
107101    441.473    1.23163
107201    441.835    1.2317
107301    442.171    1.2318
107401    442.57    1.23191
107501    442.961    1.23196
107601    443.356    1.23199
107701    443.728    1.23204
107801    444.075    1.23206
107901    444.462    1.23204
108001    444.846    1.23208
108101    445.275    1.23208
108201    445.679    1.2321
108301    446.062    1.23209
108401    446.372    1.23208
108501    446.782    1.23207
108601    447.244    1.23205
108701    447.628    1.23204
108801    447.989    1.23204
108901    448.36    1.23203
109001    448.715    1.23204
109101    449.072    1.23198
109201    449.434    1.23201
109301    449.791    1.23203
109401    450.145    1.23211
109501    450.555    1.23207
109601    450.933    1.23205
109701    451.34    1.23201
109801    451.717    1.23205
109901    452.063    1.23213
110001    452.428    1.23222
110101    452.868    1.23221
110201    453.265    1.23212
110301    453.66    1.2321
110401    454.021    1.23211
110501    454.411    1.2321
110601    454.826    1.23208
110701    455.199    1.23205
110801    455.515    1.23206
110901    455.94    1.23203
111001    456.322    1.23204
111101    456.749    1.23207
111201    457.206    1.23207
111301    457.562    1.23214
111401    457.932    1.23219
111501    458.292    1.23224
111601    458.717    1.23224
111701    459.149    1.23221
111801    459.638    1.2322
111901    459.983    1.23218
112001    460.331    1.2322
112101    460.699    1.23229
112201    461.124    1.23225
112301    461.492    1.2323
112401    461.878    1.23237
112501    462.276    1.23236
112601    462.659    1.23227
112701    462.996    1.23229
112801    463.43    1.2323
112901    463.824    1.23236
113001    464.231    1.2323
113101    464.677    1.2324
113201    465.046    1.23246
113301    465.436    1.23246
113401    465.825    1.23247
113501    466.226    1.23247
113601    466.663    1.2325
113701    467.188    1.23247
113801    467.61    1.23242
113901    467.997    1.23235
114001    468.412    1.23233
114101    468.811    1.23227
114201    469.213    1.23223
114301    469.611    1.23225
114401    469.981    1.23223
114501    470.368    1.23214
114601    470.667    1.23208
114701    471.075    1.23205
114801    471.479    1.232
114901    471.877    1.23189
115001    472.225    1.23192
115101    472.629    1.23196
115201    473.037    1.23198
115301    473.415    1.23204
115401    473.813    1.232
115501    474.212    1.2319
115601    474.541    1.23195
115701    474.94    1.23191
115801    475.304    1.23194
115901    475.678    1.23195
116001    476.059    1.23198
116101    476.496    1.23196
116201    477.068    1.23189
116301    477.439    1.23187
116401    477.833    1.23184
116501    478.195    1.23187
116601    478.577    1.23187
116701    478.97    1.23187
116801    479.345    1.23185
116901    479.706    1.23181
117001    480.084    1.2318
117101    480.446    1.23181
117201    480.799    1.2318
117301    481.144    1.23182
117401    481.506    1.23182
117501    481.874    1.23179
117601    482.284    1.23169
117701    482.628    1.23164
117801    483.014    1.2316
117901    483.401    1.23147
118001    483.862    1.23143
118101    484.274    1.23141
118201    484.631    1.23136
118301    484.982    1.23136
118401    485.39    1.23131
118501    485.745    1.23129
118601    486.188    1.2313
118701    486.579    1.23127
118801    487.077    1.23127
118901    487.561    1.23119
119001    487.956    1.23118
119101    488.319    1.2312
119201    488.727    1.23116
119301    489.142    1.23108
119401    489.518    1.23104
119501    489.875    1.231
119601    490.183    1.23097
119701    490.546    1.23094
119801    490.963    1.2309
119901    491.33    1.23088
120001    491.7    1.23087
120101    492.058    1.23085
120201    492.386    1.23085
120301    492.731    1.23084
120401    493.111    1.23083
120501    493.513    1.23074
120601    493.859    1.23073
120701    494.263    1.23073
120801    494.653    1.23072
120901    494.987    1.2307
121001    495.365    1.23069
121101    495.76    1.23068
121201    496.142    1.23063
121301    496.519    1.23063
121401    497.007    1.23061
121501    497.345    1.2306
121601    497.703    1.23063
121701    498.061    1.23062
121801    498.463    1.23063
121901    498.823    1.23059
122001    499.153    1.23059
122101    499.533    1.23058
122201    499.918    1.23058
122301    500.263    1.23058
122401    500.611    1.23055
122501    500.963    1.23053
122601    501.29    1.23048
122701    501.684    1.23043
122801    502.096    1.23038
122901    502.467    1.23035
123001    502.876    1.23023
123101    503.249    1.23009
123201    503.649    1.23001
123301    504.029    1.23
123401    504.524    1.22999
123501    504.936    1.22997
123601    505.486    1.22985
123701    505.982    1.22976
123801    506.52    1.22965
123901    506.987    1.22953
124001    507.385    1.22929
124101    507.853    1.22921
124201    508.199    1.22912
124301    508.514    1.22911
124401    508.934    1.22906
124501    509.276    1.22904
124601    509.628    1.22899
124701    510.052    1.22891
124801    510.488    1.22886
124901    510.831    1.22882
125001    511.156    1.22882
125101    511.528    1.22883
125201    511.933    1.22883
125301    512.29    1.22886
125401    512.658    1.22886
125501    513.004    1.22888
125601    513.413    1.22879
125701    513.732    1.22884
125801    514.126    1.22891
125901    514.483    1.22896
126001    514.794    1.22903
126101    515.192    1.22892
126201    515.636    1.22885
126301    516.039    1.22884
126401    516.421    1.22878
126501    516.816    1.22878
126601    517.208    1.22877
126701    517.564    1.22874
126801    517.92    1.22866
126901    518.321    1.22861
127001    518.718    1.2285
127101    519.089    1.22846
127201    519.498    1.2284
127301    519.918    1.22831
127401    520.279    1.22829
127501    520.637    1.22825
127601    521.042    1.22824
127701    521.386    1.22826
127801    521.742    1.22822
127901    522.118    1.22815
128001    522.509    1.22809
128101    522.877    1.22802
128201    523.18    1.22801
128301    523.542    1.22801
128401    523.957    1.22799
128501    524.337    1.22801
128601    524.676    1.22803
128701    525.054    1.22811
128801    525.434    1.22817
128901    525.852    1.22806
129001    526.261    1.22798
129101    526.68    1.22792
129201    527.137    1.22787
129301    527.491    1.22783
129401    527.862    1.22781
129501    528.18    1.22782
129601    528.527    1.2278
129701    528.94    1.22778
129801    529.34    1.22777
129901    529.667    1.22777
130001    530.067    1.22778
130101    530.434    1.22782
130201    530.799    1.2278
130301    531.145    1.22776
130401    531.506    1.22776
130501    531.837    1.22775
130601    532.258    1.22772
130701    532.644    1.2277
130801    532.978    1.22769
130901    533.322    1.22777
131001    533.664    1.22781
131101    534.084    1.22783
131201    534.484    1.22779
131301    534.82    1.2278
131401    535.156    1.22781
131501    535.519    1.22786
131601    535.862    1.22787
131701    536.277    1.22787
131801    536.739    1.22785
131901    537.131    1.22784
132001    537.561    1.22778
132101    537.967    1.22774
132201    538.378    1.22771
132301    538.743    1.22771
132401    539.131    1.22769
132501    539.501    1.22765
132601    539.852    1.22767
132701    540.201    1.2277
132801    540.545    1.22776
132901    540.902    1.2278
133001    541.294    1.22785
133101    541.64    1.22787
133201    541.944    1.22791
133301    542.31    1.22795
133401    542.666    1.22801
133501    543.021    1.22809
133601    543.411    1.22807
133701    543.788    1.22804
133801    544.164    1.22801
133901    544.53    1.22796
134001    544.899    1.2279
134101    545.291    1.22782
134201    545.654    1.22779
134301    546.044    1.22779
134401    546.469    1.22776
134501    546.857    1.22769
134601    547.272    1.2277
134701    547.724    1.22771
134801    548.071    1.2277
134901    548.425    1.22769
135001    548.832    1.22763
135101    549.198    1.22757
135201    549.58    1.22752
135301    550.039    1.22746
135401    550.441    1.2274
135501    550.819    1.22734
135601    551.166    1.22735
135701    551.56    1.22728
135801    551.977    1.22723
135901    552.378    1.22725
136001    552.738    1.22718
136101    553.189    1.22707
136201    553.63    1.22695
136301    554.122    1.22681
136401    554.538    1.22674
136501    554.938    1.2267
136601    555.369    1.22666
136701    555.751    1.22664
136801    556.12    1.22662
136901    556.486    1.22662
137001    556.916    1.2266
137101    557.273    1.2266
137201    557.681    1.22656
137301    558.083    1.22655
137401    558.492    1.22654
137501    558.886    1.22654
137601    559.231    1.22654
137701    559.613    1.22648
137801    560.047    1.22647
137901    560.46    1.22647
138001    560.914    1.22641
138101    561.3    1.22641
138201    561.689    1.22642
138301    562.056    1.22641
138401    562.414    1.2264
138501    562.753    1.22635
138601    563.148    1.22626
138701    563.469    1.22629
138801    563.95    1.22624
138901    564.366    1.22628
139001    564.751    1.22627
139101    565.105    1.2263
139201    565.505    1.22631
139301    565.905    1.2263
139401    566.263    1.22633
139501    566.773    1.22629
139601    567.209    1.22622
139701    567.585    1.22619
139801    567.951    1.22619
139901    568.347    1.22614
140001    568.732    1.22613
140101    569.145    1.2261
140201    569.519    1.22604
140301    569.897    1.22598
140401    570.351    1.22591
140501    570.746    1.22593
140601    571.164    1.22594
140701    571.578    1.22588
140801    571.992    1.22584
140901    572.362    1.22582
141001    572.743    1.2258
141101    573.164    1.22578
141201    573.565    1.22577
141301    573.974    1.22575
141401    574.389    1.22575
141501    574.728    1.22578
141601    575.114    1.22577
141701    575.457    1.22576
141801    575.902    1.22576
141901    576.296    1.22578
142001    576.767    1.22579
142101    577.195    1.22574
142201    577.548    1.22576
142301    577.938    1.22578
142401    578.275    1.22582
142501    578.703    1.22583
142601    579.125    1.22581
142701    579.477    1.22584
142801    579.869    1.22583
142901    580.248    1.2258
143001    580.625    1.22577
143101    580.989    1.2257
143201    581.365    1.2257
143301    581.699    1.22565
143401    582.03    1.22572
143501    582.391    1.22583
143601    582.79    1.22589
143701    583.151    1.22598
143801    583.493    1.22599
143901    583.874    1.22598
144001    584.223    1.22597
144101    584.595    1.22598
144201    584.942    1.22596
144301    585.301    1.22592
144401    585.679    1.22594
144501    586.038    1.22597
144601    586.485    1.22601
144701    586.928    1.22606
144801    587.296    1.22611
144901    587.662    1.22617
145001    588.002    1.22624
145101    588.4    1.22628
145201    588.841    1.22629
145301    589.225    1.22627
145401    589.57    1.22625
145501    590.007    1.22616
145601    590.321    1.22613
145701    590.761    1.2261
145801    591.181    1.22605
145901    591.538    1.22606
146001    591.944    1.22604
146101    592.331    1.22599
146201    592.677    1.22599
146301    593.069    1.22597
146401    593.44    1.22596
146501    593.824    1.22596
146601    594.243    1.22599
146701    594.646    1.226
146801    595.03    1.226
146901    595.418    1.22598
147001    595.932    1.22596
147101    596.303    1.22591
147201    596.643    1.22587
147301    597.027    1.22579
147401    597.383    1.22576
147501    597.709    1.22579
147601    598.066    1.22579
147701    598.406    1.22572
147801    598.788    1.22568
147901    599.175    1.22556
148001    599.556    1.22547
148101    600.025    1.22539
148201    600.363    1.22534
148301    600.754    1.22529
148401    601.127    1.2252
148501    601.473    1.22515
148601    601.912    1.22508
148701    602.291    1.22506
148801    602.676    1.22505
148901    603.021    1.22502
149001    603.354    1.22503
149101    603.732    1.22487
149201    604.103    1.22483
149301    604.462    1.2248
149401    604.803    1.22476
149501    605.258    1.22469
149601    605.669    1.22466
149701    606.136    1.22461
149801    606.504    1.22463
149901    606.886    1.22462
150001    607.331    1.22461
150101    607.745    1.22457
150201    608.137    1.22461
150301    608.547    1.22456
150401    608.873    1.22457
150501    609.269    1.22459
150601    609.62    1.22466
150701    610.025    1.22463
150801    610.363    1.22461
150901    610.705    1.22458
151001    611.08    1.22455
151101    611.437    1.22456
151201    611.804    1.22451
151301    612.187    1.22445
151401    612.552    1.2244
151501    612.889    1.22437
151601    613.323    1.22434
151701    613.691    1.22425
151801    614.16    1.22414
151901    614.56    1.22411
152001    614.895    1.22408
152101    615.288    1.22405
152201    615.701    1.224
152301    616.08    1.22398
152401    616.477    1.22392
152501    616.862    1.22387
152601    617.251    1.2238
152701    617.664    1.22372
152801    618.043    1.22367
152901    618.411    1.22359
153001    618.787    1.2236
153101    619.108    1.22363
153201    619.495    1.22361
153301    619.852    1.22361
153401    620.324    1.22355
153501    620.688    1.22351
153601    621.048    1.22348
153701    621.456    1.22342
153801    621.818    1.22342
153901    622.228    1.22345
154001    622.595    1.22344
154101    622.978    1.22343
154201    623.382    1.22345
154301    623.871    1.22344
154401    624.211    1.22345
154501    624.572    1.22343
154601    624.991    1.22339
154701    625.379    1.22336
154801    625.764    1.22335
154901    626.143    1.22339
155001    626.461    1.22342
155101    626.818    1.22342
155201    627.147    1.22341
155301    627.541    1.22343
155401    627.941    1.2234
155501    628.292    1.22338
155601    628.683    1.22337
155701    629.062    1.22334
155801    629.434    1.22328
155901    629.854    1.22328
156001    630.261    1.22327
156101    630.676    1.22322
156201    631.009    1.22323
156301    631.381    1.22317
156401    631.769    1.22312
156501    632.079    1.22304
156601    632.475    1.22296
156701    632.91    1.2229
156801    633.309    1.22281
156901    633.684    1.2228
157001    634.118    1.22277
157101    634.452    1.22278
157201    634.867    1.22274
157301    635.255    1.22271
157401    635.666    1.22268
157501    636.001    1.22264
157601    636.385    1.22261
157701    636.785    1.22258
157801    637.111    1.22258
157901    637.488    1.22255
158001    637.848    1.22253
158101    638.201    1.22254
158201    638.557    1.22256
158301    638.919    1.22258
158401    639.363    1.22259
158501    639.728    1.22261
158601    640.126    1.22263
158701    640.549    1.22265
158801    640.917    1.22265
158901    641.288    1.22262
159001    641.657    1.22262
159101    642.106    1.22261
159201    642.537    1.2226
159301    642.899    1.2226
159401    643.262    1.22256
159501    643.634    1.22254
159601    644.051    1.22251
159701    644.362    1.22252
159801    644.756    1.22249
159901    645.125    1.22249
160001    645.46    1.2225
160101    645.834    1.22252
160201    646.205    1.22251
160301    646.575    1.22246
160401    646.985    1.22244
160501    647.406    1.22239
160601    647.786    1.22238
160701    648.148    1.22237
160801    648.519    1.22237
160901    648.904    1.22239
161001    649.245    1.22239
161101    649.618    1.22244
161201    649.988    1.22246
161301    650.383    1.2225
161401    650.773    1.22252
161501    651.069    1.22252
161601    651.55    1.22251
161701    651.887    1.2225
161801    652.226    1.22249
161901    652.587    1.22249
162001    652.934    1.2225
162101    653.339    1.22249
162201    653.699    1.22248
162301    654.064    1.22249
162401    654.411    1.22253
162501    654.778    1.22253
162601    655.157    1.22251
162701    655.549    1.22246
162801    655.866    1.22242
162901    656.227    1.22243
163001    656.55    1.22243
163101    656.97    1.22243
163201    657.315    1.22246
163301    657.725    1.22247
163401    658.109    1.2225
163501    658.501    1.22252
163601    658.869    1.22254
163701    659.256    1.22255
163801    659.61    1.22256
163901    660.013    1.22254
164001    660.365    1.22254
164101    660.736    1.22258
164201    661.083    1.22264
164301    661.478    1.22266
164401    661.884    1.22263
164501    662.31    1.22263
164601    662.734    1.22262
164701    663.116    1.22263
164801    663.414    1.22263
164901    663.81    1.22255
165001    664.17    1.22253
165101    664.626    1.22247
165201    665.065    1.22241
165301    665.474    1.22232
165401    665.868    1.22229
165501    666.207    1.22228
165601    666.621    1.22222
165701    666.982    1.22223
165801    667.368    1.22224
165901    667.733    1.22223
166001    668.116    1.22225
166101    668.498    1.22227
166201    668.834    1.22224
166301    669.234    1.22221
166401    669.619    1.22214
166501    670.098    1.22208
166601    670.46    1.22204
166701    670.79    1.22196
166801    671.145    1.22197
166901    671.498    1.22194
167001    671.874    1.22193
167101    672.231    1.22191
167201    672.601    1.22191
167301    672.924    1.22195
167401    673.344    1.22196
167501    673.697    1.22197
167601    674.066    1.22199
167701    674.439    1.222
167801    674.79    1.22202
167901    675.132    1.22203
168001    675.499    1.22203
168101    675.906    1.222
168201    676.28    1.22193
168301    676.63    1.2219
168401    677.038    1.22187
168501    677.416    1.22182
168601    677.781    1.22178
168701    678.137    1.22171
168801    678.48    1.22171
168901    678.866    1.22172
169001    679.414    1.2217
169101    679.847    1.22168
169201    680.207    1.22166
169301    680.58    1.22166
169401    680.998    1.22159
169501    681.375    1.22151
169601    681.726    1.22148
169701    682.071    1.22148
169801    682.443    1.22148
169901    682.853    1.22151
170001    683.231    1.2215
170101    683.601    1.22148
170201    683.944    1.22147
170301    684.329    1.22146
170401    684.718    1.22149
170501    685.073    1.22147
170601    685.439    1.22143
170701    685.838    1.22139
170801    686.199    1.22139
170901    686.604    1.22139
171001    686.969    1.22138
171101    687.33    1.22132
171201    687.716    1.22129
171301    688.041    1.22125
171401    688.455    1.2212
171501    688.919    1.22116
171601    689.311    1.22114
171701    689.732    1.22111
171801    690.128    1.22103
171901    690.431    1.22103
172001    690.836    1.22106
172101    691.216    1.22113
172201    691.655    1.22117
172301    692.055    1.22117
172401    692.443    1.22116
172501    692.873    1.22114
172601    693.238    1.22107
172701    693.588    1.22104
172801    693.987    1.22095
172901    694.341    1.22093
173001    694.724    1.22093
173101    695.115    1.22088
173201    695.489    1.22079
173301    695.864    1.2207
173401    696.249    1.2206
173501    696.668    1.2205
173601    697.003    1.22049
173701    697.378    1.22049
173801    697.748    1.22053
173901    698.258    1.22053
174001    698.708    1.22048
174101    699.092    1.22046
174201    699.494    1.22049
174301    699.91    1.2205
174401    700.28    1.22048
174501    700.73    1.22042
174601    701.148    1.22036
174701    701.509    1.22034
174801    701.872    1.22035
174901    702.222    1.22037
175001    702.559    1.22036
175101    702.941    1.22038
175201    703.299    1.22038
175301    703.633    1.22036
175401    703.979    1.22039
175501    704.379    1.22035
175601    704.732    1.22029
175701    705.1    1.2203
175801    705.485    1.22027
175901    705.886    1.22021
176001    706.324    1.22015
176101    706.744    1.22011
176201    707.206    1.22009
176301    707.696    1.2201
176401    708.289    1.22009
176501    708.668    1.22009
176601    709.048    1.22005
176701    709.418    1.22004
176801    709.816    1.22002
176901    710.29    1.21998
177001    710.704    1.21992
177101    711.072    1.21986
177201    711.475    1.21983
177301    711.828    1.21984
177401    712.234    1.21982
177501    712.584    1.21982
177601    712.945    1.21978
177701    713.333    1.2197
177801    713.757    1.21961
177901    714.127    1.21958
178001    714.489    1.21952
178101    714.943    1.21946
178201    715.291    1.21942
178301    715.608    1.21942
178401    715.999    1.21945
178501    716.375    1.2195
178601    716.755    1.21954
178701    717.256    1.21952
178801    717.667    1.21952
178901    718.057    1.21949
179001    718.418    1.21943
179101    718.779    1.21938
179201    719.151    1.21938
179301    719.545    1.21934
179401    719.967    1.21929
179501    720.295    1.21925
179601    720.697    1.21923
179701    721.075    1.21918
179801    721.434    1.21915
179901    721.834    1.21908
180001    722.198    1.2191
180101    722.572    1.2191
180201    722.946    1.21905
180301    723.353    1.219
180401    723.783    1.21894
180501    724.197    1.2189
180601    724.567    1.21887
180701    724.978    1.21886
180801    725.352    1.21882
180901    725.781    1.21879
181001    726.228    1.21877
181101    726.581    1.21876
181201    726.975    1.21874
181301    727.303    1.21874
181401    727.668    1.21874
181501    728.067    1.21873
181601    728.494    1.2187
181701    728.851    1.21868
181801    729.198    1.21863
181901    729.58    1.2186
182001    729.955    1.2186
182101    730.348    1.2186
182201    730.754    1.21858
182301    731.093    1.21859
182401    731.461    1.21862
182501    731.778    1.21871
182601    732.151    1.21873
182701    732.504    1.21879
182801    732.892    1.21879
182901    733.266    1.21877
183001    733.607    1.21873
183101    734.012    1.21869
183201    734.393    1.21866
183301    734.738    1.21863
183401    735.068    1.21865
183501    735.449    1.21863
183601    735.92    1.2186
183701    736.371    1.21854
183801    736.688    1.21851
183901    737.035    1.21851
184001    737.446    1.2185
184101    737.829    1.21851
184201    738.202    1.21854
184301    738.571    1.2186
184401    738.89    1.21863
184501    739.313    1.21858
184601    739.632    1.21856
184701    739.969    1.21853
184801    740.34    1.2185
184901    740.674    1.21849
185001    741.092    1.21844
185101    741.452    1.21849
185201    741.802    1.21849
185301    742.27    1.21844
185401    742.635    1.21841
185501    743.038    1.21839
185601    743.457    1.21837
185701    743.821    1.21832
185801    744.224    1.21827
185901    744.598    1.21822
186001    744.956    1.21818
186101    745.41    1.21813
186201    745.846    1.21809
186301    746.318    1.21806
186401    746.689    1.21802
186501    747.056    1.21802
186601    747.389    1.21802
186701    747.744    1.21804
186801    748.082    1.21808
186901    748.488    1.2181
187001    748.906    1.2181
187101    749.348    1.21808
187201    749.711    1.21807
187301    750.126    1.21802
187401    750.532    1.21799
187501    750.873    1.21797
187601    751.262    1.21798
187701    751.683    1.21793
187801    752.008    1.21791
187901    752.381    1.2179
188001    752.787    1.21789
188101    753.142    1.21785
188201    753.525    1.21782
188301    753.916    1.21778
188401    754.266    1.21778
188501    754.631    1.21777
188601    754.974    1.21775
188701    755.376    1.21775
188801    755.841    1.21773
188901    756.29    1.21771
189001    756.599    1.21768
189101    756.926    1.21768
189201    757.333    1.21768
189301    757.681    1.21765
189401    758.031    1.2176
189501    758.418    1.21756
189601    758.777    1.21754
189701    759.194    1.21755
189801    759.534    1.21757
189901    759.909    1.21756
190001    760.284    1.21754
190101    760.708    1.21751
190201    761.134    1.21751
190301    761.506    1.21751
190401    761.913    1.21751
190501    762.254    1.21749
190601    762.646    1.21747
190701    763.006    1.21749
190801    763.369    1.21751
190901    763.72    1.21748
191001    764.08    1.21744
191101    764.477    1.21738
191201    764.841    1.21731
191301    765.225    1.21728
191401    765.583    1.21727
191501    766.088    1.21723
191601    766.459    1.21717
191701    766.844    1.21714
191801    767.216    1.21711
191901    767.596    1.21711
192001    767.926    1.21708
192101    768.346    1.21706
192201    768.786    1.21706
192301    769.165    1.21706
192401    769.562    1.21703
192501    769.934    1.21701
192601    770.321    1.21702
192701    770.676    1.217
192801    771.064    1.21693
192901    771.45    1.21688
193001    771.813    1.2169
193101    772.145    1.21693
193201    772.499    1.21695
193301    772.915    1.21694
193401    773.278    1.21693
193501    773.73    1.21687
193601    774.097    1.21684
193701    774.493    1.21681
193801    774.827    1.21678
193901    775.223    1.21674
194001    775.646    1.21669
194101    776.041    1.21664
194201    776.408    1.21659
194301    776.859    1.21655
194401    777.246    1.21653
194501    777.753    1.21645
194601    778.201    1.21639
194701    778.625    1.21634
194801    779.01    1.21627
194901    779.37    1.21622
195001    779.765    1.21619
195101    780.176    1.21618
195201    780.579    1.21612
195301    780.935    1.21609
195401    781.263    1.21605
195501    781.615    1.21601
195601    782.031    1.21591
195701    782.398    1.21585
195801    782.796    1.21577
195901    783.167    1.21573
196001    783.545    1.21571
196101    783.909    1.21573
196201    784.25    1.21575
196301    784.634    1.21578
196401    785.061    1.21578
196501    785.41    1.21577
196601    785.815    1.21576
196701    786.21    1.21578
196801    786.652    1.21574
196901    787.006    1.21572
197001    787.351    1.21571
197101    787.71    1.21572
197201    788.059    1.2157
197301    788.411    1.21569
197401    788.747    1.2157
197501    789.084    1.21574
197601    789.497    1.21576
197701    789.902    1.21573
197801    790.368    1.21565
197901    790.764    1.2156
198001    791.175    1.21555
198101    791.626    1.2155
198201    792.009    1.21547
198301    792.385    1.21541
198401    792.81    1.2154
198501    793.213    1.21534
198601    793.59    1.21532
198701    793.979    1.2153
198801    794.381    1.21525
198901    794.826    1.21521
199001    795.159    1.21514
199101    795.527    1.21513
199201    796.071    1.21504
199301    796.457    1.21497
199401    796.828    1.21495
199501    797.237    1.21489
199601    797.609    1.21485
199701    797.978    1.21483
199801    798.357    1.21482
199901    798.756    1.21482
200001    799.135    1.21481
200101    799.516    1.21481
200201    799.871    1.21478
200301    800.225    1.21478
200401    800.637    1.21478
200501    801.019    1.21477
200601    801.41    1.21474
200701    801.786    1.21469
200801    802.185    1.21465
200901    802.545    1.21461
201001    802.967    1.21457
201101    803.326    1.21457
201201    803.719    1.21457
201301    804.047    1.21459
201401    804.474    1.21459
201501    804.853    1.21457
201601    805.272    1.21454
201701    805.784    1.2145
201801    806.19    1.21449
201901    806.632    1.21443
202001    806.966    1.2144
202101    807.331    1.21439
202201    807.721    1.21433
202301    808.074    1.2143
202401    808.458    1.21426
202501    808.848    1.21427
202601    809.191    1.21428
202701    809.555    1.21433
202801    809.898    1.21434
202901    810.281    1.21436
203001    810.647    1.21438
203101    811.005    1.21439
203201    811.372    1.21439
203301    811.765    1.21439
203401    812.132    1.21441
203501    812.523    1.2144
203601    812.917    1.21441
203701    813.286    1.21442
203801    813.669    1.21445
203901    814.041    1.21446
204001    814.418    1.21448
204101    814.812    1.21448
204201    815.182    1.21449
204301    815.554    1.21446
204401    816.063    1.21443
204501    816.492    1.21438
204601    816.871    1.21434
204701    817.23    1.2143
204801    817.647    1.21425
204901    818.087    1.21423
205001    818.468    1.21419
205101    818.826    1.21418
205201    819.177    1.21418
205301    819.547    1.21416
205401    819.917    1.21415
205501    820.316    1.21414
205601    820.654    1.21412
205701    820.953    1.21412
205801    821.405    1.2141
205901    821.833    1.21408
206001    822.152    1.21408
206101    822.56    1.21409
206201    822.929    1.21409
206301    823.319    1.2141
206401    823.708    1.21412
206501    824.108    1.21409
206601    824.501    1.21409
206701    824.846    1.21409
206801    825.259    1.21413
206901    825.692    1.21417
207001    826.153    1.21418
207101    826.494    1.2142
207201    826.904    1.21422
207301    827.222    1.21422
207401    827.605    1.21424
207501    827.973    1.21423
207601    828.35    1.21422
207701    828.698    1.21421
207801    829.049    1.21419
207901    829.364    1.2142
208001    829.76    1.21423
208101    830.196    1.21426
208201    830.565    1.21427
208301    830.974    1.21426
208401    831.303    1.21428
208501    831.659    1.21428
208601    832.062    1.21425
208701    832.432    1.21426
208801    832.861    1.21422
208901    833.266    1.21423
209001    833.602    1.21423
209101    833.952    1.21422
209201    834.329    1.21425
209301    834.69    1.21427
209401    835.089    1.21426
209501    835.462    1.21426
209601    835.859    1.21428
209701    836.205    1.2143
209801    836.686    1.21432
209901    837.107    1.21437
210001    837.437    1.21443
210101    837.876    1.21443
210201    838.263    1.21446
210301    838.673    1.21448
210401    839.133    1.21446
210501    839.507    1.21447
210601    839.806    1.21451
210701    840.219    1.2145
210801    840.578    1.21451
210901    840.933    1.21454
211001    841.27    1.21457
211101    841.674    1.21458
211201    842.076    1.21456
211301    842.452    1.21456
211401    842.817    1.21453
211501    843.198    1.21453
211601    843.594    1.21453
211701    843.986    1.21454
211801    844.338    1.21453
211901    844.73    1.21451
212001    845.144    1.2145
212101    845.539    1.2145
212201    845.963    1.21451
212301    846.342    1.21452
212401    846.709    1.21455
212501    847.117    1.21456
212601    847.525    1.21457
212701    847.875    1.21458
212801    848.299    1.21454
212901    848.658    1.21454
213001    849.026    1.2145
213101    849.388    1.21451
213201    849.744    1.21447
213301    850.104    1.21443
213401    850.541    1.21435
213501    850.907    1.21429
213601    851.331    1.21424
213701    851.699    1.21422
213801    852.04    1.21423
213901    852.376    1.21422
214001    852.788    1.21422
214101    853.169    1.21422
214201    853.559    1.21419
214301    853.971    1.21418
214401    854.287    1.2142
214501    854.685    1.21417
214601    855.083    1.21414
214701    855.531    1.21412
214801    855.98    1.21408
214901    856.332    1.21407
215001    856.699    1.21405
215101    857.055    1.21405
215201    857.446    1.21403
215301    857.821    1.21401
215401    858.253    1.21397
215501    858.655    1.21393
215601    859.027    1.21389
215701    859.373    1.21388
215801    859.739    1.21386
215901    860.116    1.21384
216001    860.511    1.21383
216101    860.941    1.21382
216201    861.277    1.21382
216301    861.663    1.21382
216401    862.058    1.21381
216501    862.447    1.2138
216601    862.832    1.21375
216701    863.235    1.2137
216801    863.599    1.21367
216901    864.018    1.21365
217001    864.427    1.21359
217101    864.817    1.21355
217201    865.164    1.21351
217301    865.584    1.21346
217401    866.187    1.21339
217501    866.554    1.21339
217601    866.93    1.21334
217701    867.335    1.21332
217801    867.721    1.21333
217901    868.109    1.21334
218001    868.503    1.21335
218101    868.885    1.21336
218201    869.254    1.21334
218301    869.659    1.21332
218401    870.041    1.21328
218501    870.428    1.21326
218601    870.883    1.21325
218701    871.314    1.21324
218801    871.664    1.21326
218901    872.029    1.21327
219001    872.396    1.21329
219101    872.817    1.21331
219201    873.176    1.21331
219301    873.596    1.21328
219401    873.969    1.21323
219501    874.381    1.21315
219601    874.783    1.21313
219701    875.183    1.21314
219801    875.599    1.21314
219901    876.081    1.21314
220001    876.469    1.21316
220101    876.878    1.21317
220201    877.223    1.21316
220301    877.593    1.21317
220401    877.976    1.21317
220501    878.365    1.21318
220601    878.713    1.21315
220701    879.052    1.21315
220801    879.439    1.21316
220901    879.855    1.21314
221001    880.205    1.21312
221101    880.516    1.21312
221201    880.879    1.21312
221301    881.229    1.2131
221401    881.655    1.21307
221501    882.01    1.21301
221601    882.411    1.21295
221701    882.825    1.21293
221801    883.171    1.21293
221901    883.535    1.21289
222001    883.914    1.21286
222101    884.262    1.2128
222201    884.617    1.21275
222301    885.042    1.21272
222401    885.475    1.21271
222501    886.016    1.21267
222601    886.4    1.21263
222701    886.784    1.21261
222801    887.208    1.21256
222901    887.659    1.21253
223001    888.027    1.21248
223101    888.419    1.21246
223201    888.815    1.21242
223301    889.181    1.21236
223401    889.561    1.21232
223501    889.968    1.21229
223601    890.411    1.21227
223701    890.776    1.21222
223801    891.175    1.21217
223901    891.554    1.21212
224001    891.95    1.21208
224101    892.337    1.21205
224201    892.727    1.212
224301    893.12    1.21192
224401    893.447    1.21184
224501    893.849    1.21178
224601    894.187    1.21173
224701    894.584    1.21169
224801    894.932    1.21163
224901    895.352    1.21155
225001    895.768    1.21154
225101    896.152    1.21153
225201    896.582    1.21153
225301    896.954    1.21147
225401    897.316    1.21141
225501    897.736    1.21136
225601    898.078    1.21131
225701    898.531    1.21128
225801    898.925    1.21123
225901    899.261    1.2112
226001    899.646    1.21115
226101    900.023    1.2111
226201    900.399    1.21101
226301    900.764    1.21095
226401    901.16    1.21089
226501    901.548    1.21085
226601    901.919    1.21082
226701    902.284    1.21079
226801    902.653    1.21075
226901    903.039    1.21072
227001    903.415    1.21066
227101    903.782    1.21064
227201    904.14    1.21064
227301    904.504    1.21065
227401    904.859    1.21065
227501    905.268    1.21062
227601    905.792    1.21057
227701    906.186    1.2105
227801    906.536    1.21048
227901    906.972    1.21046
228001    907.328    1.21041
228101    907.737    1.21034
228201    908.067    1.21031
228301    908.504    1.21026
228401    908.886    1.21024
228501    909.247    1.21022
228601    909.605    1.2102
228701    909.932    1.21022
228801    910.309    1.21023
228901    910.735    1.21017
229001    911.148    1.21012
229101    911.518    1.2101
229201    911.909    1.21007
229301    912.297    1.21005
229401    912.647    1.21004
229501    913.041    1.21002
229601    913.411    1.21003
229701    913.788    1.21
229801    914.181    1.21
229901    914.494    1.20999
230001    914.829    1.20998
230101    915.131    1.21
230201    915.607    1.21
230301    916.054    1.20998
230401    916.399    1.20999
230501    916.779    1.20998
230601    917.145    1.20995
230701    917.551    1.2099
230801    917.899    1.20986
230901    918.269    1.20983
231001    918.605    1.20983
231101    918.999    1.20978
231201    919.37    1.20975
231301    919.76    1.2097
231401    920.19    1.20967
231501    920.559    1.20968
231601    920.928    1.20967
231701    921.31    1.20965
231801    921.709    1.20964
231901    922.124    1.20961
232001    922.505    1.20955
232101    922.93    1.20947
232201    923.323    1.20942
232301    923.759    1.20937
232401    924.156    1.20934
232501    924.521    1.2093
232601    924.978    1.20924
232701    925.388    1.20922
232801    925.865    1.20922
232901    926.307    1.20919
233001    926.622    1.20917
233101    927.01    1.20916
233201    927.408    1.20912
233301    927.75    1.2091
233401    928.145    1.20909
233501    928.509    1.20909
233601    928.859    1.2091
233701    929.243    1.20907
233801    929.653    1.20902
233901    930.036    1.20898
234001    930.384    1.20895
234101    930.729    1.20895
234201    931.1    1.20894
234301    931.515    1.20891
234401    931.894    1.20886
234501    932.231    1.20879
234601    932.609    1.20876
234701    933.028    1.20872
234801    933.392    1.20869
234901    933.739    1.20865
235001    934.085    1.20862
235101    934.472    1.20861
235201    934.853    1.20857
235301    935.218    1.20853
235401    935.769    1.20851
235501    936.076    1.20849
235601    936.463    1.20847
235701    936.835    1.20846
235801    937.184    1.20844
235901    937.524    1.20844
236001    937.894    1.20842
236101    938.228    1.20841
236201    938.584    1.20839
236301    938.99    1.20839
236401    939.362    1.20839
236501    939.689    1.20838
236601    940.038    1.20836
236701    940.364    1.20832
236801    940.693    1.20827
236901    941.063    1.20823
237001    941.388    1.20821
237101    941.807    1.20815
237201    942.182    1.20809
237301    942.525    1.20803
237401    942.867    1.208
237501    943.264    1.20799
237601    943.677    1.20797
237701    944.021    1.20797
237801    944.371    1.20796
237901    944.741    1.20794
238001    945.112    1.20792
238101    945.511    1.2079
238201    945.955    1.20789
238301    946.285    1.20785
238401    946.688    1.20784
238501    947.043    1.20783
238601    947.361    1.20782
238701    947.769    1.20781
238801    948.141    1.2078
238901    948.491    1.20777
239001    948.848    1.20777
239101    949.181    1.20778
239201    949.585    1.20778
239301    949.939    1.20777
239401    950.292    1.20778
239501    950.629    1.20781
239601    950.985    1.20785
239701    951.344    1.20789
239801    951.741    1.2079
239901    952.132    1.20793
240001    952.504    1.20792
240101    952.874    1.20791
240201    953.24    1.20791
240301    953.643    1.2079
240401    954.036    1.20788
240501    954.42    1.20785
240601    954.832    1.20779
240701    955.21    1.20777
240801    955.636    1.20774
240901    956.07    1.20774
241001    956.489    1.20773
241101    956.877    1.20775
241201    957.272    1.20774
241301    957.67    1.20774
241401    958.032    1.20771
241501    958.368    1.20772
241601    958.736    1.20774
241701    959.135    1.20773
241801    959.495    1.20771
241901    959.829    1.20768
242001    960.21    1.20765
242101    960.568    1.2076
242201    960.92    1.20762
242301    961.344    1.20757
242401    961.741    1.20756
242501    962.137    1.20751
242601    962.57    1.20745
242701    962.932    1.2074
242801    963.323    1.20733
242901    963.722    1.20725
243001    964.133    1.20719
243101    964.503    1.20716
243201    964.876    1.20709
243301    965.276    1.20704
243401    965.756    1.20698
243501    966.125    1.20693
243601    966.501    1.20688
243701    966.896    1.20682
243801    967.268    1.20677
243901    967.623    1.20671
244001    967.978    1.20667
244101    968.44    1.20663
244201    968.864    1.20659
244301    969.218    1.20656
244401    969.555    1.20655
244501    969.884    1.20656
244601    970.269    1.20657
244701    970.625    1.20659
244801    971.026    1.20657
244901    971.376    1.20657
245001    971.763    1.20655
245101    972.151    1.20653
245201    972.532    1.20652
245301    972.913    1.20651
245401    973.318    1.20651
245501    973.691    1.20647
245601    974.061    1.20643
245701    974.392    1.20639
245801    974.713    1.20638
245901    975.061    1.20633
246001    975.563    1.2063
246101    975.929    1.20628
246201    976.284    1.20627
246301    976.647    1.20626
246401    977.085    1.2062
246501    977.428    1.20616
246601    977.868    1.20616
246701    978.261    1.20617
246801    978.664    1.20615
246901    979.085    1.20615
247001    979.421    1.20612
247101    979.783    1.20616
247201    980.161    1.20613
247301    980.578    1.20606
247401    980.952    1.20604
247501    981.296    1.20602
247601    981.644    1.20601
247701    982.1    1.20596
247801    982.461    1.20592
247901    982.895    1.20588
248001    983.316    1.20585
248101    983.68    1.20584
248201    984.055    1.20581
248301    984.421    1.20575
248401    984.766    1.20571
248501    985.214    1.20567
248601    985.753    1.20562
248701    986.181    1.20556
248801    986.653    1.20549
248901    987.046    1.20543
249001    987.521    1.20535
249101    988.018    1.20532
249201    988.499    1.20529
249301    988.92    1.20528
249401    989.517    1.20521
249501    989.978    1.20517
249601    990.453    1.20513
249701    990.798    1.20509
249801    991.237    1.20504
249901    991.718    1.20498
250001    992.176    1.20493
250101    992.678    1.20485
250201    993.096    1.20481
250301    993.473    1.20477
250401    993.884    1.20473
250501    994.303    1.20468
250601    994.741    1.20462
250701    995.186    1.20455
250801    995.674    1.2045
250901    996.054    1.20446
251001    996.467    1.20439
251101    996.876    1.20437
251201    997.242    1.20432
251301    997.655    1.20424
251401    998.046    1.20419
251501    998.455    1.20414
251601    998.78    1.20409
251701    999.184    1.20407
251801    999.573    1.20403
251901    999.95    1.20397
252001    1000.4    1.2039
252101    1000.79    1.20381
252201    1001.14    1.20375
252301    1001.53    1.2037
252401    1001.98    1.20366
252501    1002.38    1.20361
252601    1002.81    1.20357
252701    1003.33    1.20352
252801    1003.76    1.20346
252901    1004.13    1.20343
253001    1004.53    1.20341
253101    1004.87    1.20337
253201    1005.4    1.20335
253301    1005.79    1.20333
253401    1006.17    1.20332
253501    1006.59    1.20331
253601    1006.96    1.2033
253701    1007.31    1.20327
253801    1007.71    1.20324
253901    1008.11    1.20322
254001    1008.46    1.20322
254101    1008.82    1.20322
254201    1009.19    1.20322
254301    1009.54    1.20325
254401    1009.95    1.20325
254501    1010.36    1.20324
254601    1010.72    1.20321
254701    1011.1    1.20321
254801    1011.52    1.20317
254901    1011.93    1.20312
255001    1012.39    1.20306
255101    1012.73    1.20302
255201    1013.13    1.203
255301    1013.57    1.20295
255401    1013.94    1.2029
255501    1014.29    1.20286
255601    1014.71    1.20284
255701    1015.13    1.20279
255801    1015.61    1.20274
255901    1016.06    1.20272
256001    1016.49    1.20269
256101    1016.87    1.20266
256201    1017.24    1.20264
256301    1017.64    1.20262
256401    1018    1.20258
256501    1018.38    1.20257
256601    1018.84    1.20254
256701    1019.28    1.20253
256801    1019.68    1.20249
256901    1020.06    1.20246
257001    1020.41    1.20243
257101    1020.82    1.20236
257201    1021.17    1.20231
257301    1021.52    1.20226
257401    1021.92    1.20222
257501    1022.3    1.20216
257601    1022.69    1.20209
257701    1023.09    1.20202
257801    1023.5    1.20195
257901    1024    1.20192
258001    1024.38    1.20187
258101    1024.77    1.20185
258201    1025.18    1.20178
258301    1025.53    1.20178
258401    1025.87    1.20177
258501    1026.22    1.20178
258601    1026.63    1.20175
258701    1027.02    1.20175
258801    1027.35    1.20174
258901    1027.71    1.20173
259001    1028.11    1.20173
259101    1028.51    1.20172
259201    1028.9    1.20168
259301    1029.23    1.20166
259401    1029.61    1.20166
259501    1030.03    1.20162
259601    1030.41    1.20159
259701    1030.73    1.20155
259801    1031.13    1.2015
259901    1031.49    1.20146
260001    1031.95    1.2014
260101    1032.31    1.20135
260201    1032.68    1.20132
260301    1033.14    1.20128
260401    1033.56    1.20125
260501    1033.96    1.2012
260601    1034.34    1.20115
260701    1034.72    1.20109
260801    1035.11    1.20104
260901    1035.47    1.201
261001    1035.86    1.20095
261101    1036.19    1.20091
261201    1036.52    1.20087
261301    1036.9    1.20084
261401    1037.27    1.20076
261501    1037.68    1.2007
261601    1038.07    1.20068
261701    1038.49    1.20063
261801    1038.87    1.20061
261901    1039.32    1.20057
262001    1039.67    1.20058
262101    1040.14    1.20059
262201    1040.51    1.20062
262301    1040.93    1.20062
262401    1041.31    1.20063
262501    1041.68    1.20063
262601    1042.12    1.20062
262701    1042.56    1.2006
262801    1042.96    1.20059
262901    1043.33    1.20058
263001    1043.74    1.20057
263101    1044.18    1.20055
263201    1044.58    1.20051
263301    1044.97    1.20048
263401    1045.31    1.20047
263501    1045.71    1.20048
263601    1046.06    1.20049
263701    1046.45    1.20048
263801    1046.91    1.20048
263901    1047.34    1.20044
264001    1047.69    1.20042
264101    1048.1    1.20037
264201    1048.53    1.20032
264301    1048.91    1.2003
264401    1049.26    1.20029
264501    1049.69    1.20026
264601    1050.1    1.20023
264701    1050.48    1.20023
264801    1050.93    1.20021
264901    1051.35    1.2002
265001    1051.79    1.20023
265101    1052.18    1.20022
265201    1052.52    1.20023
265301    1052.85    1.20023
265401    1053.23    1.20021
265501    1053.65    1.20021
265601    1054.04    1.2002
265701    1054.45    1.20018
265801    1054.83    1.20017
265901    1055.21    1.20016
266001    1055.59    1.20014
266101    1056.11    1.2001
266201    1056.46    1.20006
266301    1056.85    1.20006
266401    1057.27    1.20005
266501    1057.65    1.20003
266601    1058.07    1.20002
266701    1058.45    1.20002
266801    1058.82    1.20005
266901    1059.28    1.20007
267001    1059.73    1.20008
267101    1060.15    1.20009
267201    1060.64    1.20009
267301    1061.13    1.20007
267401    1061.49    1.20003
267501    1061.93    1.20001
267601    1062.37    1.19998
267701    1062.8    1.19994
267801    1063.14    1.19992
267901    1063.54    1.19991
268001    1063.92    1.19988
268101    1064.35    1.19987
268201    1064.72    1.19984
268301    1065.04    1.1998
268401    1065.58    1.19978
268501    1065.95    1.19976
268601    1066.37    1.19972
268701    1066.83    1.19972
268801    1067.16    1.19972
268901    1067.48    1.19971
269001    1067.83    1.19969
269101    1068.18    1.19963
269201    1068.57    1.1996
269301    1068.96    1.19955
269401    1069.35    1.19947
269501    1069.79    1.19942
269601    1070.27    1.19937
269701    1070.72    1.19933
269801    1071.05    1.19929
269901    1071.39    1.19928
270001    1071.79    1.19924
270101    1072.2    1.19918
270201    1072.54    1.19911
270301    1072.9    1.19908
270401    1073.26    1.19904
270501    1073.59    1.19902
270601    1073.9    1.19905
270701    1074.29    1.19907
270801    1074.66    1.19906
270901    1075.03    1.19905
271001    1075.44    1.19902
271101    1075.8    1.19901
271201    1076.18    1.19903
271301    1076.54    1.19904
271401    1076.99    1.199
271501    1077.37    1.19898
271601    1077.75    1.19896
271701    1078.11    1.19893
271801    1078.48    1.19892
271901    1078.87    1.19892
272001    1079.24    1.19893
272101    1079.74    1.19892
272201    1080.14    1.19891
272301    1080.51    1.1989
272401    1080.87    1.19889
272501    1081.23    1.19885
272601    1081.62    1.19881
272701    1081.96    1.19879
272801    1082.25    1.19879
272901    1082.6    1.19879
273001    1082.97    1.19879
273101    1083.3    1.19879
273201    1083.69    1.19878
273301    1084.04    1.19876
273401    1084.38    1.19876
273501    1084.75    1.19873
273601    1085.14    1.19874
273701    1085.53    1.1987
273801    1085.96    1.19865
273901    1086.36    1.1986
274001    1086.72    1.19858
274101    1087.09    1.19854
274201    1087.42    1.19853
274301    1087.79    1.19851
274401    1088.17    1.19848
274501    1088.57    1.19846
274601    1089.01    1.19841
274701    1089.39    1.19839
274801    1089.95    1.19836
274901    1090.36    1.19835
275001    1090.73    1.19831
275101    1091.09    1.19828
275201    1091.4    1.19827
275301    1091.8    1.19823
275401    1092.33    1.19819
275501    1092.71    1.19817
275601    1093.14    1.19811
275701    1093.56    1.1981
275801    1093.94    1.19808
275901    1094.41    1.19805
276001    1094.83    1.19802
276101    1095.23    1.198
276201    1095.6    1.19798
276301    1096.03    1.19795
276401    1096.47    1.19793
276501    1096.88    1.19792
276601    1097.34    1.1979
276701    1097.75    1.19786
276801    1098.17    1.19784
276901    1098.61    1.19781
277001    1099.09    1.19781
277101    1099.54    1.19782
277201    1099.93    1.19782
277301    1100.46    1.19782
277401    1100.91    1.19783
277501    1101.4    1.19781
277601    1101.85    1.1978
277701    1102.32    1.19777
277801    1102.74    1.19777
277901    1103.23    1.19777
278001    1103.67    1.19777
278101    1104.14    1.19776
278201    1104.49    1.19776
278301    1104.87    1.19778
278401    1105.26    1.19781
278501    1105.64    1.19782
278601    1106.02    1.19786
278701    1106.44    1.19789
278801    1106.83    1.19791
278901    1107.23    1.19789
279001    1107.59    1.19786
279101    1108.05    1.19782
279201    1108.5    1.19778
279301    1108.87    1.19774
279401    1109.23    1.19773
279501    1109.57    1.19775
279601    1110.01    1.19773
279701    1110.44    1.19773
279801    1110.85    1.19771
279901    1111.24    1.1977
280001    1111.59    1.19769
280101    1111.96    1.19769
280201    1112.33    1.19767
280301    1112.68    1.19769
280401    1113.07    1.19769
280501    1113.5    1.19768
280601    1113.86    1.19768
280701    1114.2    1.19769
280801    1114.58    1.19769
280901    1115.04    1.19764
281001    1115.41    1.19763
281101    1115.78    1.19761
281201    1116.13    1.19759
281301    1116.49    1.19758
281401    1116.89    1.19755
281501    1117.3    1.19753
281601    1117.8    1.19751
281701    1118.15    1.19748
281801    1118.49    1.19747
281901    1118.82    1.19747
282001    1119.16    1.19748
282101    1119.57    1.19747
282201    1119.94    1.19747
282301    1120.34    1.19747
282401    1120.77    1.19747
282501    1121.12    1.19747
282601    1121.55    1.19748
282701    1122.06    1.19745
282801    1122.4    1.19742
282901    1122.79    1.1974
283001    1123.13    1.19739
283101    1123.53    1.19739
283201    1123.9    1.1974
283301    1124.28    1.19742
283401    1124.63    1.19742
283501    1124.95    1.19743
283601    1125.34    1.19741
283701    1125.71    1.19741
283801    1126.12    1.1974
283901    1126.49    1.19738
284001    1126.87    1.19739
284101    1127.29    1.1974
284201    1127.71    1.1974
284301    1128.18    1.19741
284401    1128.58    1.19741
284501    1128.98    1.1974
284601    1129.41    1.19737
284701    1129.78    1.19737
284801    1130.19    1.19736
284901    1130.6    1.19733
285001    1130.99    1.19733
285101    1131.35    1.19732
285201    1131.69    1.19734
285301    1132.04    1.19734
285401    1132.46    1.19732
285501    1132.83    1.19734
285601    1133.2    1.19736
285701    1133.64    1.19738
285801    1134.04    1.19737
285901    1134.39    1.19737
286001    1134.73    1.19738
286101    1135.12    1.19737
286201    1135.52    1.19738
286301    1135.88    1.19736
286401    1136.25    1.19735
286501    1136.65    1.19733
286601    1137.05    1.1973
286701    1137.46    1.19729
286801    1137.9    1.19729
286901    1138.3    1.19727
287001    1138.7    1.19726
287101    1139.08    1.19727
287201    1139.45    1.19727
287301    1139.8    1.19728
287401    1140.17    1.19728
287501    1140.55    1.19725
287601    1140.9    1.19724
287701    1141.29    1.19721
287801    1141.68    1.19717
287901    1142.07    1.19713
288001    1142.46    1.19711
288101    1142.84    1.19709
288201    1143.27    1.19706
288301    1143.73    1.19703
288401    1144.12    1.19701
288501    1144.47    1.197
288601    1144.89    1.197
288701    1145.26    1.19696
288801    1145.68    1.19692
288901    1146.08    1.19691
289001    1146.43    1.19691
289101    1146.8    1.19691
289201    1147.19    1.1969
289301    1147.68    1.19688
289401    1148.05    1.19683
289501    1148.47    1.19679
289601    1148.82    1.19677
289701    1149.16    1.19675
289801    1149.52    1.19673
289901    1149.9    1.1967
290001    1150.3    1.19668
290101    1150.68    1.19668
290201    1151.07    1.1967
290301    1151.4    1.19667
290401    1151.79    1.19667
290501    1152.21    1.19667
290601    1152.62    1.19665
290701    1152.99    1.19664
290801    1153.38    1.19663
290901    1153.74    1.19662
291001    1154.09    1.19659
291101    1154.5    1.19656
291201    1154.87    1.19656
291301    1155.23    1.19656
291401    1155.56    1.19655
291501    1155.96    1.19655
291601    1156.36    1.19654
291701    1156.76    1.19653
291801    1157.16    1.19651
291901    1157.68    1.19649
292001    1158.02    1.19649
292101    1158.38    1.19647
292201    1158.77    1.19642
292301    1159.15    1.1964
292401    1159.54    1.19639
292501    1159.87    1.19639
292601    1160.27    1.19637
292701    1160.63    1.19636
292801    1160.98    1.19637
292901    1161.36    1.19638
293001    1161.73    1.1964
293101    1162.14    1.19641
293201    1162.49    1.19643
293301    1162.89    1.19644
293401    1163.28    1.19645
293501    1163.64    1.19646
293601    1164    1.19648
293701    1164.36    1.1965
293801    1164.73    1.1965
293901    1165.11    1.19653
294001    1165.49    1.19656
294101    1165.89    1.19657
294201    1166.23    1.19658
294301    1166.59    1.19659
294401    1166.99    1.19659
294501    1167.32    1.19659
294601    1167.72    1.1966
294701    1168.07    1.19663
294801    1168.47    1.19665
294901    1168.85    1.19668
295001    1169.31    1.19671
295101    1169.71    1.19672
295201    1170.14    1.19669
295301    1170.55    1.19666
295401    1170.97    1.19662
295501    1171.32    1.19663
295601    1171.68    1.19667
295701    1172.09    1.19667
295801    1172.48    1.19667
295901    1172.83    1.19667
296001    1173.17    1.19664
296101    1173.55    1.19662
296201    1173.9    1.1966
296301    1174.28    1.19661
296401    1174.69    1.19662
296501    1175.09    1.19662
296601    1175.47    1.1966
296701    1175.84    1.19656
296801    1176.22    1.19654
296901    1176.59    1.19655
297001    1176.97    1.19656
297101    1177.35    1.19658
297201    1177.85    1.19658
297301    1178.25    1.19656
297401    1178.65    1.19653
297501    1179.1    1.19648
297601    1179.56    1.19647
297701    1180.07    1.19647
297801    1180.52    1.19647
297901    1180.99    1.19643
298001    1181.42    1.19641
298101    1181.94    1.19639
298201    1182.42    1.19637
298301    1182.88    1.19637
298401    1183.37    1.19636
298501    1183.89    1.19636
298601    1184.34    1.19638
298701    1184.93    1.19639
298801    1185.39    1.1964
298901    1185.8    1.19639
299001    1186.3    1.19637
299101    1186.79    1.19638
299201    1187.3    1.19636
299301    1187.75    1.19634
299401    1188.12    1.19633
299501    1188.63    1.1963
299601    1189.05    1.1963
299701    1189.45    1.19628
299801    1189.95    1.19627
299901    1190.46    1.19628
300001    1190.9    1.1963
300101    1191.28    1.19631
300201    1191.67    1.19633
300301    1192.03    1.19633
300401    1192.38    1.19635
300501    1192.8    1.19637
300601    1193.31    1.19635
300701    1193.79    1.19637
300801    1194.13    1.19641
300901    1194.51    1.19642
301001    1194.85    1.19646
301101    1195.18    1.19648
301201    1195.56    1.19646
301301    1195.9    1.19647
301401    1196.23    1.19649
301501    1196.66    1.19651
301601    1197.07    1.19654
301701    1197.43    1.19655
301801    1197.8    1.19655
301901    1198.2    1.19653
302001    1198.57    1.1965
302101    1198.93    1.19647
302201    1199.3    1.19645
302301    1199.69    1.19644
302401    1200    1.19644
302501    1200.39    1.19644
302601    1200.78    1.19643
302701    1201.14    1.19644
302801    1201.52    1.19646
302901    1201.83    1.19647
303001    1202.17    1.19647
303101    1202.63    1.19648
303201    1203.02    1.19648
303301    1203.32    1.19646
303401    1203.68    1.19647
303501    1204.08    1.19644
303601    1204.46    1.19642
303701    1204.78    1.19642
303801    1205.13    1.19641
303901    1205.51    1.1964
304001    1205.94    1.19639
304101    1206.33    1.19636
304201    1206.69    1.19635
304301    1207.07    1.19633
304401    1207.49    1.19629
304501    1207.84    1.19629
304601    1208.18    1.1963
304701    1208.56    1.19632
304801    1208.96    1.19631
304901    1209.34    1.19632
305001    1209.77    1.19633
305101    1210.11    1.19636
305201    1210.48    1.19636
305301    1210.85    1.19635
305401    1211.27    1.19633
305501    1211.73    1.1963
305601    1212.14    1.19627
305701    1212.57    1.19625
305801    1212.99    1.19624
305901    1213.36    1.19626
306001    1213.73    1.19626
306101    1214.13    1.19626
306201    1214.48    1.19626
306301    1214.82    1.19628
306401    1215.17    1.19627
306501    1215.56    1.19626
306601    1215.99    1.19622
306701    1216.36    1.19622
306801    1216.72    1.19621
306901    1217.18    1.19619
307001    1217.56    1.1962
307101    1217.93    1.1962
307201    1218.33    1.19619
307301    1218.7    1.19618
307401    1219.06    1.19616
307501    1219.39    1.19616
307601    1219.79    1.19615
307701    1220.19    1.19615
307801    1220.55    1.19615
307901    1221.04    1.19614
308001    1221.46    1.19614
308101    1221.84    1.19614
308201    1222.21    1.19612
308301    1222.53    1.19609
308401    1222.84    1.1961
308501    1223.28    1.19609
308601    1223.7    1.19608
308701    1224.11    1.19606
308801    1224.52    1.19602
308901    1224.89    1.19599
309001    1225.31    1.19597
309101    1225.68    1.19594
309201    1226.09    1.19591
309301    1226.48    1.19588
309401    1226.84    1.19586
309501    1227.23    1.19584
309601    1227.68    1.19583
309701    1228.13    1.19582
309801    1228.56    1.1958
309901    1229.07    1.19575
310001    1229.56    1.1957
310101    1230.03    1.19565
310201    1230.45    1.19563
310301    1230.92    1.19558
310401    1231.41    1.19557
310501    1231.88    1.19556
310601    1232.33    1.19555
310701    1232.84    1.19554
310801    1233.25    1.19554
310901    1233.61    1.19552
311001    1234    1.19549
311101    1234.46    1.19546
311201    1234.89    1.19544
311301    1235.33    1.19541
311401    1235.75    1.19535
311501    1236.17    1.19531
311601    1236.57    1.19526
311701    1236.97    1.19521
311801    1237.35    1.19516
311901    1237.74    1.19513
312001    1238.12    1.19509
312101    1238.52    1.19503
312201    1238.93    1.19499
312301    1239.33    1.19495
312401    1239.77    1.19493
312501    1240.21    1.19492
312601    1240.69    1.1949
312701    1241.18    1.19488
312801    1241.63    1.19486
312901    1242.15    1.19484
313001    1242.68    1.19482
313101    1243.13    1.1948
313201    1243.58    1.19477
313301    1244.03    1.19474
313401    1244.4    1.19472
313501    1244.84    1.1947
313601    1245.32    1.19469
313701    1245.72    1.19469
313801    1246.14    1.19468
313901    1246.56    1.19467
314001    1246.99    1.19466
314101    1247.42    1.19465
314201    1247.89    1.19463
314301    1248.26    1.19462
314401    1248.68    1.19461
314501    1249.09    1.19462
314601    1249.5    1.19462
314701    1249.89    1.19461
314801    1250.29    1.1946
314901    1250.67    1.19461
315001    1251.2    1.19462
315101    1251.73    1.19463
315201    1252.13    1.19465
315301    1252.48    1.19466
315401    1252.85    1.19467
315501    1253.26    1.19466
315601    1253.66    1.19466
315701    1254.09    1.19467
315801    1254.56    1.19465
315901    1254.93    1.19465
316001    1255.32    1.19466
316101    1255.83    1.19464
316201    1256.29    1.19462
316301    1256.79    1.1946
316401    1257.28    1.19457
316501    1257.68    1.19455
316601    1258.12    1.19452
316701    1258.48    1.19452
316801    1258.93    1.19449
316901    1259.3    1.1945
317001    1259.68    1.19449
317101    1260.07    1.19448
317201    1260.48    1.19445
317301    1260.92    1.19441
317401    1261.42    1.19438
317501    1261.81    1.19437
317601    1262.17    1.19434
317701    1262.54    1.19435
317801    1262.93    1.19435
317901    1263.28    1.19436
318001    1263.66    1.19435
318101    1264.15    1.19433
318201    1264.56    1.19433
318301    1264.91    1.19435
318401    1265.27    1.19435
318501    1265.65    1.19435
318601    1266.03    1.19433
318701    1266.47    1.1943
318801    1266.87    1.1943
318901    1267.27    1.19428
319001    1267.66    1.19428
319101    1268.09    1.19429
319201    1268.51    1.19427
319301    1268.97    1.19424
319401    1269.34    1.19423
319501    1269.7    1.19423
319601    1270.08    1.19423
319701    1270.45    1.19422
319801    1270.84    1.19419
319901    1271.27    1.19417
320001    1271.65    1.19416
320101    1272.13    1.19417
320201    1272.54    1.19419
320301    1272.98    1.1942
320401    1273.41    1.19419
320501    1273.81    1.1942
320601    1274.14    1.19422
320701    1274.53    1.19422
320801    1274.92    1.1942
320901    1275.28    1.19418
321001    1275.66    1.19415
321101    1276.03    1.19414
321201    1276.43    1.19413
321301    1276.85    1.19412
321401    1277.29    1.19409
321501    1277.71    1.19405
321601    1278.14    1.19399
321701    1278.53    1.19396
321801    1278.94    1.19393
321901    1279.35    1.1939
322001    1279.74    1.19386
322101    1280.1    1.19386
322201    1280.45    1.19386
322301    1280.82    1.19386
322401    1281.35    1.19383
322501    1281.74    1.19382
322601    1282.11    1.19382
322701    1282.47    1.19382
322801    1282.8    1.19381
322901    1283.25    1.1938
323001    1283.65    1.19378
323101    1284.02    1.19377
323201    1284.41    1.19378
323301    1284.76    1.19378
323401    1285.16    1.19379
323501    1285.55    1.1938
323601    1285.94    1.19379
323701    1286.27    1.1938
323801    1286.57    1.19382
323901    1286.95    1.19383
324001    1287.35    1.19384
324101    1287.69    1.19386
324201    1288.03    1.19389
324301    1288.38    1.19392
324401    1288.82    1.19395
324501    1289.19    1.19395
324601    1289.52    1.19396
324701    1289.85    1.19393
324801    1290.36    1.1939
324901    1290.73    1.19389
325001    1291.15    1.19386
325101    1291.68    1.19382
325201    1292.15    1.1938
325301    1292.64    1.19378
325401    1293.09    1.19376
325501    1293.58    1.19374
325601    1293.92    1.19374
325701    1294.3    1.19373
325801    1294.66    1.19373
325901    1295.05    1.1937
326001    1295.37    1.19368
326101    1295.74    1.19367
326201    1296.11    1.19366
326301    1296.54    1.19363
326401    1296.88    1.19361
326501    1297.26    1.19358
326601    1297.63    1.19354
326701    1297.96    1.19353
326801    1298.34    1.19351
326901    1298.73    1.19349
327001    1299.08    1.19347
327101    1299.42    1.19348
327201    1299.78    1.19348
327301    1300.17    1.19348
327401    1300.53    1.19347
327501    1300.96    1.19345
327601    1301.42    1.19345
327701    1301.83    1.19343
327801    1302.2    1.19343
327901    1302.58    1.19344
328001    1302.92    1.19344
328101    1303.32    1.19344
328201    1303.71    1.19343
328301    1304.1    1.19342
328401    1304.44    1.19341
328501    1304.83    1.1934
328601    1305.23    1.1934
328701    1305.66    1.19339
328801    1306.02    1.19339
328901    1306.37    1.19338
329001    1306.77    1.19337
329101    1307.14    1.19336
329201    1307.53    1.19334
329301    1307.9    1.19331
329401    1308.27    1.19332
329501    1308.58    1.19333
329601    1308.89    1.19334
329701    1309.22    1.19335
329801    1309.54    1.19334
329901    1309.85    1.19333
330001    1310.23    1.19332
330101    1310.56    1.19332
330201    1310.91    1.1933
330301    1311.22    1.19327
330401    1311.57    1.19323
330501    1311.89    1.19322
330601    1312.24    1.19321
330701    1312.56    1.19319
330801    1312.86    1.19317
330901    1313.25    1.19316
331001    1313.63    1.19314
331101    1313.9    1.19313
331201    1314.25    1.19308
331301    1314.55    1.19306
331401    1314.91    1.19303
331501    1315.23    1.19302
331601    1315.53    1.19302
331701    1315.82    1.19303
331801    1316.13    1.19304
331901    1316.43    1.19305
332001    1316.76    1.19307
332101    1317.1    1.19308
332201    1317.43    1.19308
332301    1317.72    1.19309
332401    1318.03    1.19308
332501    1318.34    1.19308
332601    1318.67    1.19305
332701    1318.98    1.19302
332801    1319.32    1.193
332901    1319.62    1.19299
333001    1319.98    1.19297
333101    1320.34    1.19295
333201    1320.66    1.19295
333301    1321.02    1.19295
333401    1321.37    1.19294
333501    1321.68    1.19292
333601    1321.96    1.19292
333701    1322.3    1.19293
333801    1322.63    1.19293
333901    1322.94    1.19292
334001    1323.26    1.1929
334101    1323.54    1.19291
334201    1323.85    1.1929
334301    1324.17    1.19288
334401    1324.48    1.19289
334501    1324.79    1.1929
334601    1325.09    1.19293
334701    1325.38    1.19295
334801    1325.72    1.19298
334901    1326.05    1.193
335001    1326.37    1.19301
335101    1326.69    1.19302
335201    1327.02    1.19302
335301    1327.37    1.19301
335401    1327.75    1.193
335501    1328.03    1.19301
335601    1328.38    1.19302
335701    1328.69    1.19304
335801    1329.01    1.19305
335901    1329.35    1.19304
336001    1329.68    1.19305
336101    1330.06    1.19304
336201    1330.47    1.19302
336301    1330.8    1.193
336401    1331.15    1.19299
336501    1331.48    1.19297
336601    1331.78    1.19297
336701    1332.17    1.19292
336801    1332.5    1.19289
336901    1332.81    1.19288
337001    1333.12    1.19287
337101    1333.47    1.19285
337201    1333.78    1.19284
337301    1334.1    1.19284
337401    1334.44    1.19283
337501    1334.74    1.19283
337601    1335.06    1.19282
337701    1335.36    1.19282
337801    1335.72    1.19281
337901    1336.1    1.19277
338001    1336.39    1.19274
338101    1336.72    1.19273
338201    1337.05    1.19273
338301    1337.42    1.19271
338401    1337.74    1.19271
338501    1338.06    1.1927
338601    1338.39    1.19268
338701    1338.69    1.19267
338801    1339.03    1.19266
338901    1339.36    1.19266
339001    1339.69    1.19265
339101    1340.08    1.19263
339201    1340.46    1.19263
339301    1340.76    1.19263
339401    1341.1    1.19262
339501    1341.41    1.19259
339601    1341.78    1.19257
339701    1342.13    1.19256
339801    1342.45    1.19254
339901    1342.79    1.19253
340001    1343.12    1.19253
340101    1343.47    1.19252
340201    1343.81    1.19252
340301    1344.12    1.19252
340401    1344.47    1.19251
340501    1344.78    1.19252
340601    1345.08    1.19252
340701    1345.45    1.19252
340801    1345.81    1.1925
340901    1346.14    1.1925
341001    1346.47    1.19249
341101    1346.83    1.19247
341201    1347.15    1.19246
341301    1347.49    1.19245
341401    1347.82    1.19242
341501    1348.13    1.19242
341601    1348.46    1.19241
341701    1348.8    1.19237
341801    1349.08    1.19235
341901    1349.44    1.19232
342001    1349.77    1.19229
342101    1350.13    1.19228
342201    1350.52    1.19228
342301    1350.85    1.19228
342401    1351.18    1.19227
342501    1351.48    1.19227
342601    1351.78    1.19227
342701    1352.1    1.19227
342801    1352.43    1.19227
342901    1352.73    1.19227
343001    1353.03    1.19229
343101    1353.34    1.1923
343201    1353.7    1.1923
343301    1354.03    1.1923
343401    1354.41    1.19227
343501    1354.73    1.19226
343601    1355.09    1.19225
343701    1355.4    1.19225
343801    1355.74    1.19226
343901    1356.1    1.19226
344001    1356.46    1.19225
344101    1356.81    1.19224
344201    1357.14    1.19224
344301    1357.43    1.19224
344401    1357.77    1.19223
344501    1358.12    1.19221
344601    1358.44    1.19219
344701    1358.8    1.19215
344801    1359.12    1.19213
344901    1359.44    1.19212
345001    1359.74    1.1921
345101    1360.05    1.19209
345201    1360.39    1.19208
345301    1360.74    1.19207
345401    1361.13    1.19207
345501    1361.56    1.19205
345601    1361.91    1.19204
345701    1362.29    1.19202
345801    1362.61    1.192
345901    1362.92    1.192
346001    1363.25    1.19201
