1    3.12115    2.50082
101    11.0019    2.893
201    17.6824    2.8518
301    25.4444    2.77258
401    32.9851    2.72311
501    40.4152    2.97504
601    47.7512    2.51199
701    54.6775    2.61074
801    61.5793    2.62817
901    68.8661    2.70958
1001    76.9352    2.61146
1101    83.9434    2.96245
1201    91.1073    2.62943
1301    98.5006    2.85441
1401    105.169    2.75171
1501    112.374    2.80012
1601    119.202    2.8507
1701    125.481    2.5214
1801    133.03    2.54951
1901    139.911    3.08479
2001    146.354    2.47366
2101    152.691    2.56028
2201    160.58    2.50077
2301    167.793    2.70559
2401    175.002    2.4738
2501    182.903    2.55784
2601    190.448    2.55671
2701    197.825    2.61746
2801    204.956    2.3933
2901    211.718    2.35526
3001    219.124    2.58525
3101    226.361    2.512
3201    232.419    2.42349
3301    238.363    2.86947
3401    244.752    2.37605
3501    250.933    2.56237
3601    256.979    2.54086
3701    263.516    2.38848
3801    269.84    2.65811
3901    275.964    2.61255
4001    281.993    2.43473
4101    289.46    2.50283
4201    296.247    2.5443
4301    302.506    2.28368
4401    308.494    2.33071
4501    314.72    2.4083
4601    320.864    2.3406
4701    327.946    2.38951
4801    335.385    2.53813
4901    343.417    2.42983
5001    350.81    2.29915
5101    358.281    2.4223
5201    365.076    2.46569
5301    372.408    2.49463
5401    380.871    2.24833
5501    388.506    2.28223
5601    396.579    2.37376
5701    403.821    2.42074
5801    412.606    2.29835
5901    419.652    2.10829
6001    427.594    2.16367
6101    434.246    2.40749
6201    442.012    2.40677
6301    449.659    2.41716
6401    457.404    2.21718
6501    465.072    2.12315
6601    471.97    2.46423
6701    478.859    2.56273
6801    485.515    2.19177
6901    493.314    2.10566
7001    500.191    2.10456
7101    507.781    2.29274
7201    515.314    2.18082
7301    522.318    2.19181
7401    529.51    2.13092
7501    536.961    2.24965
7601    544.522    2.17526
7701    552.059    2.29499
7801    559.727    2.16612
7901    567.39    2.2851
8001    574.964    2.20073
8101    581.792    2.20635
8201    588.927    2.09544
8301    596.23    2.16474
8401    602.825    2.09527
8501    609.997    2.19203
8601    616.927    2.2047
8701    624.439    2.12241
8801    631.689    2.23359
8901    639.119    2.17851
9001    645.743    2.22564
9101    653.017    2.09128
9201    659.599    2.17663
9301    666.788    2.03871
9401    673.624    2.016
9501    680.989    2.01579
9601    688.148    2.09864
9701    694.858    2.09936
9801    701.428    2.22986
9901    708.186    2.16942
10001    715.096    2.10332
10101    721.404    2.0498
10201    728.257    2.18496
10301    734.712    2.13312
10401    741.122    2.11861
10501    748.155    2.21887
10601    755.376    2.24603
10701    762.696    2.79521
10801    770.359    2.01683
10901    776.704    2.04873
11001    783.213    1.96568
11101    790.036    2.13267
11201    797.25    2.15503
11301    803.721    2.07101
11401    810.668    2.18601
11501    817.611    2.23124
11601    824.263    2.0722
11701    830.743    2.09119
11801    837.784    2.31421
11901    845.173    2.03109
12001    851.857    2.05681
12101    858.821    2.01226
12201    866.013    2.09417
12301    873.644    2.09289
12401    880.91    1.98468
12501    888.205    2.05965
12601    895.083    2.01707
12701    901.882    2.09704
12801    908.579    2.16467
12901    915.345    2.11503
13001    922.178    2.03185
13101    929.133    2.21288
13201    936.26    2.11515
13301    943.862    2.07642
13401    951.21    2.06871
13501    958.357    2.18448
13601    965.423    2.04327
13701    972.64    2.0725
13801    979.648    2.05959
13901    986.653    1.87438
14001    992.911    1.91566
14101    1000.56    2.14379
14201    1007.62    2.0502
14301    1014.5    1.99297
14401    1021.55    1.96396
14501    1028.91    2.1656
14601    1035.51    2.03617
14701    1042.55    2.09638
14801    1048.15    2.07604
14901    1054.33    1.98986
15001    1061.73    1.96925
15101    1068.65    2.17252
15201    1075.5    2.13878
15301    1082.79    2.14136
15401    1089.85    1.93133
15501    1096.45    2.01451
15601    1102.89    2.09415
15701    1110.18    1.94991
15801    1116.9    1.97905
15901    1123.29    2.08018
16001    1130.32    2.29643
16101    1136.15    2.00184
16201    1143.05    1.98204
16301    1149.73    2.09212
16401    1156.72    1.97143
16501    1163.93    1.91363
16601    1171.66    2.08315
16701    1179.69    2.03124
16801    1186.9    1.91862
16901    1193.97    2.08799
17001    1201.52    1.90882
17101    1207.94    2.10739
17201    1214.98    2.09043
17301    1222.37    2.15502
17401    1229.47    2.0771
17501    1237.49    2.03906
17601    1245.47    2.01381
17701    1252.83    1.91437
17801    1260.45    1.99294
17901    1267.35    2.12735
18001    1274.77    1.9443
18101    1282.15    1.969
18201    1289.37    1.91729
18301    1296.95    1.95763
18401    1303.93    1.9744
18501    1311.13    1.98396
18601    1317.99    1.83717
18701    1325.57    2.00763
18801    1332.07    2.01571
18901    1339.23    1.90362
19001    1345.88    2.10372
19101    1352.07    2.09402
19201    1359.82    1.9728
19301    1367.03    2.38665
19401    1374.55    1.92939
19501    1381.7    1.93732
19601    1389.38    1.87526
19701    1395.97    1.85767
19801    1404.56    2.00979
19901    1412.19    2.02287
20001    1419.23    2.17812
20101    1426.39    1.95008
20201    1433.99    1.79681
20301    1441.41    1.97792
20401    1448.21    2.0132
20501    1454.72    1.93944
20601    1461.93    1.97746
20701    1468.47    2.12606
20801    1474.85    2.08199
20901    1482.42    2.03468
21001    1489.13    2.18908
21101    1495.51    1.95412
21201    1501.32    1.87495
21301    1507.71    1.94686
21401    1514.62    2.03849
21501    1522.04    1.99347
21601    1528.34    2.07713
21701    1535.56    1.9385
21801    1542.72    1.9525
21901    1549.53    1.8203
22001    1556.21    1.9646
22101    1562.97    2.01866
22201    1569.59    1.90657
22301    1575.99    1.93453
22401    1582.85    1.95877
22501    1589.33    2.14457
22601    1596.15    2.04683
22701    1602.48    1.90184
22801    1609.12    1.98734
22901    1615.32    2.02102
23001    1621.17    1.8167
23101    1628.6    1.8129
23201    1634.87    2.00356
23301    1641.12    2.25873
23401    1647.02    1.92734
23501    1653.37    1.96541
23601    1660.73    1.86768
23701    1667.33    2.00336
23801    1674.37    1.93969
23901    1680.38    2.13887
24001    1686.11    1.8669
24101    1693.22    1.97883
24201    1699.51    2.12807
24301    1705.75    1.91198
24401    1713.04    1.94073
24501    1719.97    2.0054
24601    1726.65    2.12046
24701    1732.32    2.03904
24801    1738.29    1.95408
24901    1744.09    1.91741
25001    1750.19    1.85931
25101    1756.19    2.09025
25201    1762.96    1.84581
25301    1768.78    1.89642
25401    1775.04    2.00972
25501    1781.01    1.93648
25601    1787.81    1.92683
25701    1794.65    1.88094
25801    1801.07    1.82156
25901    1806.82    1.99842
26001    1813.14    2.13401
26101    1819.93    2.07135
26201    1825.56    1.91538
26301    1832.37    1.98595
26401    1839.6    2.00594
26501    1846.01    1.94466
26601    1852.5    1.98843
26701    1858.75    1.88674
26801    1866.08    1.91663
26901    1873.2    1.99953
27001    1880.17    2.0013
27101    1886.63    1.76089
27201    1893.45    1.8625
27301    1899.75    2.04466
27401    1906.47    1.97521
27501    1913.06    2.03185
27601    1919.71    2.02495
27701    1925.76    2.05127
27801    1931.67    2.13762
27901    1938.46    1.85214
28001    1944.72    2.02394
28101    1951.32    1.9951
28201    1957.89    1.7739
28301    1964.37    1.88828
28401    1971.86    1.96231
28501    1978.78    1.82815
28601    1985.95    1.92005
28701    1992.24    2.31456
28801    1999.61    1.95845
28901    2006.17    1.91653
29001    2012.83    1.88753
29101    2018.75    2.04641
29201    2024.39    2.05846
29301    2030.78    1.9729
29401    2036.66    1.92123
29501    2043.33    1.88313
29601    2050    1.83779
29701    2055.77    2.17752
29801    2062.91    1.76074
29901    2069.69    1.90713
30001    2076.65    1.82379
30101    2082.59    1.8641
30201    2088.58    1.899
30301    2094.31    1.84888
30401    2101.15    1.83803
30501    2108.32    1.98534
30601    2114.47    1.87925
30701    2120.99    1.88635
30801    2129.22    1.83812
30901    2135.7    1.76906
31001    2142.79    1.80927
31101    2150.42    1.84306
31201    2157.99    1.98322
31301    2165.6    1.98155
31401    2173.16    2.05067
31501    2181.14    1.92805
31601    2189.19    2.1044
31701    2196.86    1.88332
31801    2204.39    1.91629
31901    2210.15    1.85812
32001    2216.56    2.01857
32101    2224.19    1.92216
32201    2231.23    1.92023
32301    2238.2    1.89652
32401    2245.03    2.05086
32501    2251.97    1.93565
32601    2259.02    1.91041
32701    2266.15    1.97358
32801    2272.71    2.12072
32901    2279.45    2.12255
33001    2286.87    1.9571
33101    2294.51    1.88533
33201    2302.61    1.99415
33301    2309.73    1.93083
33401    2316.62    1.95344
33501    2323.28    1.91671
33601    2330.14    1.86933
33701    2336.96    1.85865
33801    2343.97    1.85764
33901    2350.4    1.82199
34001    2356.5    1.84429
34101    2363.27    1.87652
34201    2369.89    2.07465
34301    2376.21    1.92052
34401    2382.94    1.90999
34501    2389.61    1.9656
34601    2396.45    2.18318
34701    2403.14    1.91633
34801    2410.73    1.88
34901    2417.71    2.05333
35001    2424.34    1.90444
35101    2431.32    1.96897
35201    2437.78    1.86325
35301    2444.31    1.887
35401    2450.57    2.05354
35501    2456.58    1.86945
35601    2463.17    1.98326
35701    2471.27    1.88903
35801    2478.13    1.78726
35901    2484.52    1.95883
36001    2490.48    1.93793
36101    2497.45    1.80556
36201    2503.76    2.09632
36301    2510.56    2.05181
36401    2516.83    1.94523
36501    2523.53    1.83373
36601    2530.49    1.98246
36701    2537.01    1.86636
36801    2543.05    1.92714
36901    2549.7    1.98368
37001    2555.7    1.97242
37101    2561.94    1.87326
37201    2568.13    1.94996
37301    2574.24    2.00472
37401    2580.36    1.8476
37501    2586.44    2.03716
37601    2592.59    1.86004
37701    2598.42    1.93785
37801    2605.08    1.86294
37901    2612.09    1.90353
38001    2618.99    1.95222
38101    2625.62    2.01252
38201    2632.07    1.90661
38301    2638.15    1.95002
38401    2644.05    1.89242
38501    2650.39    1.97451
38601    2656.24    1.9966
38701    2662.72    1.81769
38801    2668.94    1.97257
38901    2675.38    1.84964
39001    2682.36    1.95143
39101    2688.26    1.88006
39201    2694.41    1.8233
39301    2701.37    2.04691
39401    2708.35    1.8949
39501    2714.81    1.92212
39601    2720.57    1.76071
39701    2727.18    2.07826
39801    2733.76    1.81161
39901    2740.34    1.88806
40001    2747.06    1.86099
40101    2753.09    1.98182
40201    2759.09    1.85823
40301    2765.22    1.89482
40401    2771.41    1.93649
40501    2777.39    2.20564
40601    2784.44    1.82303
40701    2790.9    2.0311
40801    2797.32    1.91232
40901    2803.79    1.88419
41001    2809.86    1.92216
41101    2816.52    1.91475
41201    2823.4    1.8416
41301    2829.29    1.8744
41401    2835.51    2.00357
41501    2842.57    1.86394
41601    2848.87    1.806
41701    2855.26    1.82833
41801    2861.65    1.94344
41901    2868.15    1.9029
42001    2874.62    1.90062
42101    2881.12    1.79789
42201    2887.3    1.93058
42301    2893.73    2.05695
42401    2900.4    2.32724
42501    2907.25    1.83492
42601    2913.61    1.8472
42701    2919.99    1.89569
42801    2926.3    1.84508
42901    2932.73    1.76916
43001    2938.68    2.01143
43101    2945.34    1.89444
43201    2952.65    1.93269
43301    2958.91    1.91196
43401    2965.69    1.94917
43501    2972.21    1.87297
43601    2978.71    1.99245
43701    2984.84    1.75686
43801    2991.65    1.83257
43901    2997.81    1.82092
44001    3003.91    1.99215
44101    3010.18    1.79634
44201    3016.3    2.02535
44301    3022.72    2.09779
44401    3029.42    1.89117
44501    3035.19    1.85592
44601    3041.55    1.84736
44701    3047.82    1.89643
44801    3054.5    2.02658
44901    3060.28    1.8576
45001    3066.57    1.93224
45101    3072.93    1.81098
45201    3079.13    1.95472
45301    3085.69    1.92518
45401    3092.08    2.17237
45501    3098.25    1.87696
45601    3104.78    1.95103
45701    3110.34    1.87079
45801    3116.29    1.89
45901    3122.56    2.01309
46001    3129.09    1.87312
46101    3134.77    1.77102
46201    3141.07    1.99155
46301    3147.25    1.91398
46401    3153.89    1.90197
46501    3160.22    1.97154
46601    3166.79    2.04655
46701    3173    1.95163
46801    3179.22    1.84869
46901    3185.27    1.86325
47001    3191.14    2.02701
47101    3197.57    2.03529
47201    3203.98    2.13575
47301    3210.52    1.87861
47401    3217.18    1.99982
47501    3223.6    2.04785
47601    3230.03    1.88146
47701    3236.72    1.77593
47801    3243.19    1.84802
47901    3249.19    1.93638
48001    3255.58    1.85098
48101    3262.32    1.91001
48201    3268.58    1.83943
48301    3274.43    1.89016
48401    3280.78    1.91381
48501    3287.72    1.9463
48601    3294.52    1.87549
48701    3301.23    2.01343
48801    3308.03    2.14641
48901    3314.2    1.98297
49001    3320.59    2.77954
49101    3327.82    1.84601
49201    3334.27    1.85894
49301    3340.21    1.75973
49401    3346.69    1.82162
49501    3353.6    1.80717
49601    3360.6    1.75637
49701    3366.64    1.85696
49801    3372.57    1.88215
49901    3379.07    2.02361
50001    3385.05    2.35484
50101    3391.94    1.88507
50201    3398.47    1.91724
50301    3404.79    1.73676
50401    3411.11    2.04639
50501    3418.57    1.89402
50601    3424.65    1.87137
50701    3430.77    2.02197
50801    3436.94    2.01976
50901    3443.85    1.83624
51001    3450.29    1.77754
51101    3456.61    1.94198
51201    3463.12    2.02253
51301    3469.43    1.8534
51401    3475.83    1.8892
51501    3481.93    1.83153
51601    3488.17    2.01197
51701    3494.63    1.88987
51801    3500.88    1.96494
51901    3507.25    1.91636
52001    3513.23    2.12955
52101    3519.41    1.95692
52201    3526.31    1.77658
52301    3533.32    2.01307
52401    3539.96    1.93503
52501    3546.33    1.96577
52601    3552.52    1.81262
52701    3559.07    1.84307
52801    3565.28    2.04974
52901    3571.6    2.02717
53001    3578.25    2.04614
53101    3584.61    1.90629
53201    3590.49    1.94438
53301    3596.84    1.84215
53401    3603.19    1.83455
53501    3609.76    1.85865
53601    3616.86    1.97255
53701    3623.01    2.01427
53801    3629.84    1.88067
53901    3636.11    1.91133
54001    3643.72    1.78628
54101    3650.1    1.73516
54201    3655.83    1.92049
54301    3662.22    2.06891
54401    3668.13    1.97565
54501    3673.91    1.92671
54601    3680.01    1.8865
54701    3686.35    1.93176
54801    3692.56    1.99543
54901    3698.7    1.87154
55001    3705.6    1.96188
55101    3711.84    1.8264
55201    3718.61    1.95474
55301    3724.37    1.83392
55401    3730.75    1.84368
55501    3736.74    2.06162
55601    3743.24    1.79559
55701    3749.89    1.95854
55801    3755.91    1.7813
55901    3762.25    1.92513
56001    3768.22    1.96912
56101    3774.27    2.04726
56201    3780.99    1.84083
56301    3786.8    1.88043
56401    3792.65    1.87749
56501    3798.41    1.89383
56601    3804.68    2.01255
56701    3810.53    2.02568
56801    3816.44    2.0951
56901    3822.53    2.08122
57001    3829.1    1.82136
57101    3835.35    1.95323
57201    3841.18    1.97043
57301    3847.61    1.86242
57401    3854.03    1.84867
57501    3860.67    1.88531
57601    3867.16    1.89666
57701    3872.92    1.95271
57801    3879.87    1.77625
57901    3885.9    2.07048
58001    3892.56    1.78222
58101    3898.84    2.0028
58201    3905.13    1.94584
58301    3911.5    2.07081
58401    3917.66    1.92817
58501    3924.07    1.87418
58601    3930.11    2.00547
58701    3936.69    1.94194
58801    3942.89    1.91573
58901    3949.39    1.88073
59001    3955.83    1.84036
59101    3961.67    1.83556
59201    3968.19    1.80602
59301    3974.87    1.76467
59401    3980.8    1.81885
59501    3987.28    1.97374
59601    3994.29    1.8839
59701    4000.35    1.97824
59801    4006.45    1.9313
59901    4012.81    1.83963
60001    4018.81    1.81886
60101    4024.8    1.85783
60201    4030.75    1.88602
60301    4036.83    1.90373
60401    4043.41    1.83713
60501    4049.76    1.9073
60601    4055.86    2.04302
60701    4062.71    1.82891
60801    4069.22    1.94543
60901    4075.89    1.91525
61001    4081.71    2.00795
61101    4088.25    1.85381
61201    4094.2    1.96003
61301    4100.43    1.97222
61401    4106.49    2.0248
61501    4112.62    1.76654
61601    4118.88    1.93375
61701    4125.01    1.98596
61801    4131.17    2.65002
61901    4137.52    1.8789
62001    4143.8    1.87445
62101    4150.54    1.84571
62201    4157.37    1.7658
62301    4163.39    1.81976
62401    4169.17    1.72474
62501    4175.18    1.83786
62601    4181.27    1.82714
62701    4187.45    1.96082
62801    4193.53    1.86044
62901    4199.85    1.79471
63001    4205.87    1.83577
63101    4212.63    1.81873
63201    4219.13    1.82864
63301    4226.11    1.83499
63401    4232.02    1.87098
63501    4238.19    1.84285
63601    4244.87    1.86515
63701    4251.09    1.92789
63801    4257.11    1.97842
63901    4262.88    1.91004
64001    4269.86    2.07553
64101    4276.39    1.79538
64201    4282.67    1.8999
64301    4289.21    1.7844
64401    4295.87    2.19354
64501    4301.8    1.89326
64601    4307.64    1.79498
64701    4313.79    1.80386
64801    4319.78    2.03303
64901    4325.68    1.88839
65001    4332.23    1.95171
65101    4338.59    1.97196
65201    4345.14    1.83257
65301    4351.21    1.94157
65401    4357.85    1.89417
65501    4364.53    1.94994
65601    4370.62    1.93073
65701    4377.1    1.93369
65801    4383.84    1.92164
65901    4390.14    1.86119
66001    4396.41    1.92267
66101    4402.59    1.80588
66201    4408.5    1.93283
66301    4414.96    2.03377
66401    4420.87    2.03476
66501    4427.19    1.83059
66601    4433.67    1.93422
66701    4440.19    1.86492
66801    4447.04    1.9316
66901    4454.14    1.91343
67001    4460.73    2.00237
67101    4466.79    1.89746
67201    4473.19    1.8597
67301    4479.27    1.76943
67401    4485.56    1.77509
67501    4491.89    1.80776
67601    4498.46    1.97252
67701    4504.68    1.88689
67801    4510.87    1.94938
67901    4516.97    1.90434
68001    4522.99    1.89363
68101    4528.94    1.94781
68201    4534.78    2.17193
68301    4541.33    1.78534
68401    4547.76    1.88027
68501    4553.5    1.93015
68601    4560.38    1.82514
68701    4566.56    1.78719
68801    4572.57    1.83678
68901    4578.81    1.79803
69001    4584.88    1.95475
69101    4591.21    1.85579
69201    4597.33    1.72441
69301    4603.72    1.90538
69401    4609.77    1.81396
69501    4616.39    1.78559
69601    4623.26    1.96758
69701    4629.57    1.96026
69801    4636.24    1.84868
69901    4642.62    1.91015
70001    4649.25    1.73401
70101    4655.17    1.89251
70201    4661.23    1.97245
70301    4666.92    2.61733
70401    4673.68    1.81497
70501    4679.77    1.83135
70601    4686.02    1.81045
70701    4692.41    1.77894
70801    4699.19    1.88345
70901    4705.14    1.86115
71001    4711.92    1.88766
71101    4718.56    1.93278
71201    4725.13    1.88361
71301    4731.47    1.83637
71401    4737.83    2.12827
71501    4744.47    1.95034
71601    4750.97    1.83961
71701    4757.24    1.84934
71801    4763.37    1.96954
71901    4770.25    2.01997
72001    4776.72    2.03178
72101    4783.2    1.7749
72201    4789.15    1.88155
72301    4794.99    1.79233
72401    4801.97    2.0123
72501    4808.31    1.81845
72601    4814.32    1.84263
72701    4820.59    1.94613
72801    4826.43    1.80168
72901    4832.15    1.8614
73001    4838.27    1.83985
73101    4844.59    1.87732
73201    4851.09    1.84597
73301    4856.97    1.90523
73401    4863.08    1.9893
73501    4869.38    1.73461
73601    4876.01    1.79151
73701    4882.43    1.85434
73801    4888.9    1.84883
73901    4895.11    1.8873
74001    4901.27    1.81624
74101    4907.58    1.79791
74201    4913.61    1.86126
74301    4920.11    1.79145
74401    4926.73    1.90351
74501    4933.38    1.92334
74601    4939.95    1.83948
74701    4945.65    1.79472
74801    4951.59    1.8044
74901    4957.68    1.92165
75001    4963.9    1.8586
75101    4969.76    2.26039
75201    4975.95    1.90092
75301    4982.35    1.82693
75401    4989.05    1.77075
75501    4995.22    1.81959
75601    5001.21    1.82497
75701    5007.63    1.88098
75801    5014.58    2.00618
75901    5020.74    1.78965
76001    5027.18    1.81204
76101    5033.41    1.77905
76201    5039.41    1.9002
76301    5045.39    1.87059
76401    5051.59    1.93819
76501    5057.98    1.99172
76601    5064.42    1.84226
76701    5071.09    1.92334
76801    5077.31    1.83203
76901    5083.5    1.96033
77001    5089.76    2.2338
77101    5096.03    1.80371
77201    5102.95    1.87033
77301    5109.42    1.83261
77401    5116.61    1.96417
77501    5122.72    1.85661
77601    5129.11    1.89027
77701    5135.13    1.84494
77801    5141.6    1.799
77901    5147.95    1.97403
78001    5153.54    1.76321
78101    5160.24    1.80699
78201    5166.07    1.98544
78301    5171.99    1.94444
78401    5177.77    1.80357
78501    5184.24    1.92691
78601    5190.77    2.2116
78701    5196.86    1.88341
78801    5203.31    2.00905
78901    5209.53    1.80127
79001    5216.04    1.8075
79101    5222.43    1.82788
79201    5228.63    1.74608
79301    5234.74    1.81681
79401    5240.57    1.86588
79501    5246.74    1.81484
79601    5252.66    1.89152
79701    5259.41    1.76286
79801    5265.39    1.79032
79901    5272.36    1.90037
80001    5279.37    1.77409
80101    5285.85    1.86389
80201    5292.38    1.89692
80301    5298.51    1.79635
80401    5304.63    1.92509
80501    5311.06    1.79026
80601    5317.14    1.88547
80701    5323.3    1.76826
80801    5329.38    1.82343
80901    5336.28    1.74362
81001    5342.55    1.90682
81101    5348.69    1.78107
81201    5355.01    1.82367
81301    5361.51    1.90125
81401    5367.46    1.87409
81501    5373.41    1.95789
81601    5379.29    1.82427
81701    5385.4    1.96736
81801    5391.2    1.81675
81901    5397.9    1.825
82001    5403.82    1.77761
82101    5409.78    2.03601
82201    5415.8    1.93269
82301    5422.13    2.04756
82401    5428.46    1.93844
82501    5435.25    1.82269
82601    5441.75    1.95728
82701    5448.12    2.05288
82801    5454.08    1.92684
82901    5460.82    1.89888
83001    5467.75    1.76862
83101    5474.64    1.89698
83201    5481.05    1.91509
83301    5487.77    1.95101
83401    5493.79    2.01506
83501    5500.27    2.042
83601    5506.38    1.79618
83701    5512.75    1.80426
83801    5519.02    1.78575
83901    5525.42    1.7582
84001    5530.9    1.77234
84101    5537.53    1.82427
84201    5543.95    1.81659
84301    5550.36    2.04889
84401    5556.33    1.84296
84501    5563.31    1.94083
84601    5569.97    1.94349
84701    5576.34    1.73743
84801    5583.35    1.88576
84901    5589.63    1.99628
85001    5595.71    1.90276
85101    5601.64    1.8878
85201    5607.77    1.82638
85301    5613.72    1.92604
85401    5619.78    1.76831
85501    5626.28    1.95654
85601    5632.41    1.86404
85701    5638.86    1.80182
85801    5644.95    1.78176
85901    5651.15    1.78485
86001    5657.25    1.8644
86101    5663.66    1.73816
86201    5669.86    1.76753
86301    5676.46    1.82295
86401    5682.47    1.92191
86501    5688.35    1.91301
86601    5694.99    1.84802
86701    5701.23    1.86599
86801    5708.4    1.75336
86901    5714.97    1.76744
87001    5720.65    1.73764
87101    5726.79    1.75928
87201    5733.11    1.83019
87301    5739.38    1.81979
87401    5745.02    1.88297
87501    5751.88    1.76842
87601    5758.32    1.87267
87701    5765.1    1.89501
87801    5771.39    1.77483
87901    5777.68    1.79791
88001    5783.56    1.82706
88101    5789.94    1.78871
88201    5796.88    1.76069
88301    5803.47    1.80046
88401    5809.81    1.80207
88501    5816.09    2.0511
88601    5822.25    2.08595
88701    5828.29    1.86955
88801    5834.7    1.91364
88901    5840.4    1.97766
89001    5846.58    1.89985
89101    5852.7    2.00898
89201    5859.21    1.8475
89301    5865.39    1.81626
89401    5871.34    1.68606
89501    5877.62    1.83731
89601    5883.69    1.84763
89701    5890.13    1.82563
89801    5895.92    1.74956
89901    5902.21    1.90659
90001    5908.39    1.88106
90101    5914.37    2.00005
90201    5920.94    1.89425
90301    5927.18    1.87007
90401    5932.6    1.86297
90501    5938.73    1.87575
90601    5944.14    2.04826
90701    5950.37    1.91789
90801    5956.21    1.96264
90901    5962.67    2.03663
91001    5969.06    1.88854
91101    5975.77    1.74353
91201    5982.11    1.80694
91301    5988.45    1.96045
91401    5994.66    1.93343
91501    6000.84    1.72511
91601    6006.93    1.87615
91701    6013.37    1.87377
91801    6019.34    2.61737
91901    6025.49    1.88918
92001    6031    1.94855
92101    6037.82    1.9308
92201    6044.27    1.83506
92301    6050.64    1.91465
92401    6057.36    1.85365
92501    6063.89    1.82009
92601    6070.09    1.82349
92701    6075.84    1.87545
92801    6082.01    1.97499
92901    6088.54    1.7577
93001    6095.61    1.84461
93101    6102.04    2.01498
93201    6108.19    1.8017
93301    6114.49    1.69456
93401    6120.93    1.76168
93501    6127.55    1.9035
93601    6133.9    2.12673
93701    6139.57    1.84021
93801    6145.88    1.76314
93901    6152.79    1.85048
94001    6159.11    1.77316
94101    6165.52    1.85149
94201    6171.8    1.75082
94301    6178.42    1.82221
94401    6185.46    1.84896
94501    6192.13    1.83014
94601    6198.57    1.73727
94701    6204.83    1.78456
94801    6211.58    1.73356
94901    6217.9    1.8283
95001    6223.95    1.81604
95101    6230.45    2.09431
95201    6236.16    1.99492
95301    6242.57    1.91546
95401    6249.34    1.9509
95501    6256.15    1.9125
95601    6262.94    1.91712
95701    6269.92    1.76606
95801    6276.08    1.77256
95901    6282.78    1.84477
96001    6288.75    1.7872
96101    6294.88    1.76173
96201    6301    1.76626
96301    6307.17    1.73371
96401    6313.23    1.82988
96501    6319.71    1.80784
96601    6326.81    1.79136
96701    6333.45    1.80218
96801    6339.19    1.83584
96901    6345.27    1.78028
97001    6351.98    1.79944
97101    6358.1    1.82067
97201    6364.84    1.8971
97301    6371.1    1.97808
97401    6377.57    1.8208
97501    6383.63    1.84405
97601    6390.43    2.20484
97701    6396.52    1.949
97801    6402.73    1.97319
97901    6408.67    2.22384
98001    6414.8    1.95825
98101    6421.2    1.82899
98201    6427.53    1.78899
98301    6433.4    1.76342
98401    6439.8    1.88352
98501    6446.03    1.90637
98601    6451.85    1.90474
98701    6457.96    1.91081
98801    6464.05    1.84215
98901    6470.25    1.96995
99001    6476.49    1.8222
99101    6483.01    1.8097
99201    6489.41    1.76271
99301    6495.87    1.78931
99401    6501.84    1.77356
99501    6507.98    1.89495
99601    6514.16    1.77743
99701    6520.11    1.8557
99801    6526.25    1.75331
99901    6532.28    1.73228
100001    6538.56    1.76655
100101    6544.51    1.90892
100201    6550.4    1.88101
100301    6556.6    2.0263
100401    6563.08    1.73229
100501    6568.99    1.83156
100601    6575.27    2.00858
100701    6581.92    1.84483
100801    6588.25    1.80155
100901    6594.76    2.02196
101001    6600.91    1.72711
101101    6607.43    1.71181
101201    6614.48    1.98632
101301    6620.63    1.97285
101401    6626.3    2.13459
101501    6632.89    1.78148
101601    6638.87    1.76617
101701    6644.97    1.87064
101801    6651.21    1.82752
101901    6657.4    1.77818
102001    6663.83    1.9602
102101    6670.15    2.17518
102201    6676.52    2.04039
102301    6682.93    1.81669
102401    6689.46    1.95972
102501    6696.19    1.86619
102601    6702.68    1.79431
102701    6708.83    1.81983
102801    6715.74    1.91412
102901    6722.25    1.86822
103001    6728.32    2.00923
103101    6734.63    1.90887
103201    6740.68    1.82255
103301    6746.91    1.78405
103401    6752.97    1.7852
103501    6758.74    1.80985
103601    6764.41    1.84388
103701    6770.09    1.7958
103801    6776.77    1.75552
103901    6783.35    1.85332
104001    6789.15    1.82779
104101    6795.42    1.79979
104201    6801.62    1.7356
104301    6807.3    1.75969
104401    6813.45    1.79826
104501    6819.55    1.9351
104601    6825.61    1.91472
104701    6831.85    1.84885
104801    6837.84    1.8169
104901    6843.65    1.8159
105001    6849.77    1.80519
105101    6855.77    1.82978
105201    6862.03    1.81258
105301    6868.21    1.81689
105401    6874.74    1.85387
105501    6881.4    1.80733
105601    6888.27    1.8682
105701    6894.37    1.91327
105801    6900.58    2.0194
105901    6907.15    1.75442
106001    6913.03    1.84565
106101    6919.56    1.76123
106201    6926.49    1.73402
106301    6932.76    1.87503
106401    6939.47    1.81825
106501    6945.35    1.79133
106601    6951.56    1.82683
106701    6957.96    2.00166
106801    6964.32    1.75881
106901    6970.14    1.92353
107001    6976.46    1.858
107101    6982.53    2.06481
107201    6988.32    1.84856
107301    6994.78    1.84482
107401    7001.29    1.70954
107501    7007.29    1.76518
107601    7013.5    1.78653
107701    7019.9    2.07484
107801    7026.42    1.7465
107901    7032.41    1.72257
108001    7039.15    1.90721
108101    7045.38    1.87328
108201    7051.55    2.06199
108301    7058.49    1.75487
108401    7064.45    1.96854
108501    7070.89    1.87124
108601    7076.7    1.81539
108701    7082.85    1.94265
108801    7088.83    1.99264
108901    7095.25    1.75569
109001    7102.31    1.78334
109101    7108.71    1.9964
109201    7115.65    1.84252
109301    7121.69    1.79531
109401    7127.51    2.21539
109501    7133.94    1.82296
109601    7139.78    1.84625
109701    7145.46    1.77569
109801    7151.66    1.91018
109901    7157.41    1.89543
110001    7163.81    1.82382
110101    7170.49    1.73167
110201    7176.93    1.87731
110301    7184.14    1.86608
110401    7190.01    1.82293
110501    7196.14    1.84548
110601    7202.08    1.75551
110701    7208.5    1.79591
110801    7215.05    1.78112
110901    7221.09    1.79568
111001    7227.19    1.956
111101    7233.47    1.88609
111201    7239.89    1.85339
111301    7245.89    1.97523
111401    7252.59    1.81917
111501    7258.84    1.75468
111601    7264.92    1.80289
111701    7271.23    1.90844
111801    7277.33    2.10719
111901    7283.6    1.77469
112001    7289.37    1.71372
112101    7296.11    1.76395
112201    7302.19    1.75295
112301    7308.33    1.72264
112401    7314.85    1.95327
112501    7321.02    2.33087
112601    7327.62    1.76453
112701    7334.03    1.73456
112801    7340.3    1.86053
112901    7347.04    1.72035
113001    7353.43    1.80071
113101    7359.12    1.95072
113201    7364.75    1.88661
113301    7371.44    1.98736
113401    7377.32    1.86583
113501    7383.4    1.81557
113601    7389.7    1.78075
113701    7395.54    1.84399
113801    7402.34    1.91945
113901    7408.82    1.85528
114001    7414.39    1.96813
114101    7420.86    1.83464
114201    7427.04    1.91028
114301    7432.88    1.86121
114401    7439    2.10379
114501    7445.07    1.89743
114601    7450.96    1.78597
114701    7457.01    1.83727
114801    7464.2    1.73188
114901    7471.18    1.77895
115001    7476.97    1.73507
115101    7483.4    1.70257
115201    7489.53    1.82633
115301    7496.24    1.9012
115401    7501.93    1.962
115501    7508.73    1.7377
115601    7514.99    1.91224
115701    7521.49    1.71202
115801    7527.43    1.82333
115901    7533.92    1.82456
116001    7540.27    1.88581
116101    7546.63    1.81247
116201    7552.92    1.73292
116301    7558.91    1.82452
116401    7565.41    1.79794
116501    7571.81    1.77534
116601    7577.96    1.8851
116701    7584.24    1.8732
116801    7590.57    1.84441
116901    7596.45    1.89661
117001    7602.6    2.00821
117101    7608.35    1.85409
117201    7615.34    1.81779
117301    7621.38    1.98428
117401    7627.51    1.85261
117501    7633.6    1.72105
117601    7639.76    1.85044
117701    7646.48    1.84812
117801    7652.51    1.78678
117901    7658.79    1.7793
118001    7665.94    1.80028
118101    7672.02    1.93508
118201    7677.88    1.86829
118301    7684.01    1.77205
118401    7690.35    1.72993
118501    7696.31    1.79934
118601    7702.22    1.70195
118701    7708.2    1.75008
118801    7714.62    1.7205
118901    7720.64    1.8174
119001    7726.98    1.75371
119101    7733.31    1.79914
119201    7739.36    1.73994
119301    7745.79    1.80799
119401    7752.31    1.79498
119501    7758.48    1.75719
119601    7765.05    1.77338
119701    7771.48    1.84235
119801    7777.96    1.7982
119901    7784.42    1.79057
120001    7790.61    1.84895
120101    7796.55    1.7176
120201    7803.74    1.77401
120301    7809.52    1.7668
120401    7815.8    1.99027
120501    7822.63    1.97983
120601    7829.24    1.91258
120701    7835.51    1.95621
120801    7841.49    1.88775
120901    7847.33    1.94111
121001    7853.73    1.78271
121101    7860.9    1.87366
121201    7866.92    1.7171
121301    7873.24    1.77672
121401    7879.18    1.9384
121501    7885.67    1.82894
121601    7891.57    1.72314
121701    7898.28    1.72375
121801    7904.67    1.89096
121901    7911.3    1.78776
122001    7917.85    1.75596
122101    7923.98    1.85991
122201    7929.83    1.95201
122301    7936.21    1.68675
122401    7942.76    1.83244
122501    7949.5    1.86488
122601    7955.42    1.85049
122701    7961.12    1.89366
122801    7967.43    1.93635
122901    7973.53    1.79584
123001    7979.83    2.35767
123101    7986.48    1.79095
123201    7992.87    1.77581
123301    7998.85    1.76771
123401    8004.82    1.78815
123501    8011.12    1.81774
123601    8017.13    1.82226
123701    8023.73    1.84561
123801    8030.57    1.85468
123901    8036.12    1.73756
124001    8042.24    1.80162
124101    8048.37    1.85203
124201    8054.89    1.89806
124301    8061.13    1.82132
124401    8067.08    1.81566
124501    8073.1    1.88073
124601    8078.96    1.68109
124701    8085.35    1.90878
124801    8091.55    2.22204
124901    8097.98    1.70066
125001    8104.7    1.81095
125101    8110.81    1.86474
125201    8116.91    1.87938
125301    8123.27    1.92692
125401    8129.64    1.78685
125501    8136.22    1.7466
125601    8142.34    1.77749
125701    8148.36    1.84149
125801    8154.51    1.82866
125901    8160.39    1.78995
126001    8166.53    1.81123
126101    8172.56    1.81828
126201    8178.91    1.78167
126301    8184.84    1.80388
126401    8190.57    2.03582
126501    8196.43    2.04306
126601    8202.74    1.68496
126701    8208.38    1.7607
126801    8215.05    1.81406
126901    8221.4    1.82575
127001    8227.32    1.81693
127101    8234.03    1.65925
127201    8240.41    1.8008
127301    8246.77    1.79447
127401    8252.93    1.77456
127501    8259.19    1.91876
127601    8265.84    1.75596
127701    8272.11    1.7371
127801    8278.64    1.72848
127901    8284.8    1.95869
128001    8290.38    1.77396
128101    8296.73    1.77208
128201    8303.27    1.8874
128301    8309.47    1.8026
128401    8315.73    1.78518
128501    8322.2    1.80982
128601    8328.47    1.86256
128701    8334.67    1.76862
128801    8341.09    1.82508
128901    8347.05    1.82355
129001    8353.64    1.84952
129101    8360.09    1.73209
129201    8365.91    1.92581
129301    8371.97    1.7682
129401    8378.13    1.73137
129501    8384.21    1.77867
129601    8390.4    1.66657
129701    8397.16    1.79683
129801    8403.57    1.76521
129901    8409.57    1.90548
130001    8415.97    1.92648
130101    8422.56    1.92511
130201    8428.6    2.0256
130301    8435.08    1.86864
130401    8441.23    1.9351
130501    8447.9    1.7352
130601    8453.89    1.85744
130701    8460.47    1.83489
130801    8467.01    1.77999
130901    8473.67    1.76062
131001    8480.04    1.87578
131101    8486.11    1.78014
131201    8492.86    1.73901
131301    8499.1    1.87063
131401    8505.05    1.9321
131501    8511.87    1.79016
131601    8518.64    1.70973
131701    8524.97    1.76912
131801    8531.09    1.78917
131901    8537.71    1.69892
132001    8543.74    1.74408
132101    8549.68    1.85754
132201    8555.7    1.67574
132301    8561.46    1.73889
132401    8567.95    1.89326
132501    8573.85    1.87449
132601    8580.45    1.96349
132701    8586.75    1.85635
132801    8593.04    1.70243
132901    8599.1    1.92311
133001    8605.01    1.85887
133101    8611.83    1.82221
133201    8618.07    1.86506
133301    8624.12    1.81522
133401    8629.89    1.80641
133501    8635.95    1.81626
133601    8642.52    1.89993
133701    8648.71    2.12023
133801    8655.19    1.92444
133901    8661.46    1.79701
134001    8667.63    1.96475
134101    8673.78    1.74926
134201    8680.72    1.77919
134301    8687.24    1.78955
134401    8693.51    1.9789
134501    8699.45    1.82198
134601    8707.38    1.78469
134701    8714.2    1.80536
134801    8720.63    1.90072
134901    8726.96    1.85798
135001    8732.96    1.80003
135101    8739.35    1.79352
135201    8746.11    1.80925
135301    8752.52    1.83445
135401    8758.27    1.8402
135501    8764.67    1.64138
135601    8771.01    1.73991
135701    8776.95    1.8913
135801    8783.34    1.88481
135901    8789.5    1.98234
136001    8795.27    1.77522
136101    8801.49    1.82016
136201    8808.24    1.64564
136301    8814.89    1.7537
136401    8821.43    1.71681
136501    8827.47    1.79264
136601    8834.12    1.84303
136701    8840.63    1.85392
136801    8847.33    1.81993
136901    8853.69    1.84189
137001    8860.77    1.74776
137101    8866.51    1.81278
137201    8872.5    1.89313
137301    8878.6    1.85353
137401    8884.97    1.7319
137501    8891.32    1.76516
137601    8897.56    1.72954
137701    8903.6    1.89772
137801    8909.97    1.87893
137901    8915.74    1.99634
138001    8922.07    2.09964
138101    8928.88    1.78548
138201    8935.17    1.75542
138301    8941.32    1.92567
138401    8947.35    1.94283
138501    8953.16    1.91976
138601    8959.91    1.75391
138701    8965.94    1.85486
138801    8972.29    1.88865
138901    8979.14    1.71932
139001    8985.23    1.87451
139101    8990.91    1.789
139201    8997.5    1.94493
139301    9004.1    1.77767
139401    9010.31    1.85297
139501    9016.02    1.75993
139601    9022.08    1.74838
139701    9029.05    1.78655
139801    9035.28    1.88105
139901    9040.97    1.80023
140001    9048.5    1.85929
140101    9055.14    1.79703
140201    9061.24    1.77129
140301    9066.92    1.81665
140401    9073.45    1.79283
140501    9079.82    1.78559
140601    9086.1    1.85196
140701    9092.48    2.00017
140801    9099.07    1.7276
140901    9105.2    1.77233
141001    9111.79    1.77899
141101    9117.94    1.86269
141201    9124.42    1.66718
141301    9130.82    1.82959
141401    9137.62    1.77161
141501    9143.95    1.82484
141601    9150.01    1.68524
141701    9156.54    1.75567
141801    9163.01    1.7249
141901    9169.9    1.86832
142001    9176.31    1.81116
142101    9182.57    1.66659
142201    9188.64    1.87321
142301    9195.02    1.77419
142401    9201.38    1.90011
142501    9207.55    1.88529
142601    9213.33    1.80317
142701    9219.52    1.74645
142801    9225.88    1.83069
142901    9232.09    1.80243
143001    9238.18    1.79716
143101    9244.46    1.8545
143201    9250.88    1.81557
143301    9256.93    2.01958
143401    9262.85    2.59459
143501    9269.6    1.76681
143601    9275.79    1.75799
143701    9282.08    1.70686
143801    9287.87    1.87532
143901    9294.1    1.82282
144001    9300.32    1.8597
144101    9306.55    1.85024
144201    9312.51    1.72251
144301    9318.31    1.74276
144401    9324.7    1.6956
144501    9331.12    1.77815
144601    9337.15    1.72352
144701    9343.21    1.66095
144801    9349.26    1.86848
144901    9355.44    1.84152
145001    9361.7    1.68414
145101    9368.02    1.90824
145201    9374.28    1.72611
145301    9380.6    1.70668
145401    9386.86    1.74665
145501    9393.13    1.90892
145601    9399.35    1.86078
145701    9405.76    1.83197
145801    9411.46    1.72514
145901    9417.56    1.91634
146001    9423.92    1.73565
146101    9429.67    1.7734
146201    9435.82    1.87032
146301    9441.77    1.7516
146401    9448.3    1.70579
146501    9453.93    1.73052
146601    9460.05    1.79773
146701    9466.06    1.77766
146801    9471.82    2.06954
146901    9477.61    1.847
147001    9484.37    1.77493
147101    9490.71    1.73229
147201    9497.15    1.70708
147301    9503.8    1.75521
147401    9510.29    1.74894
147501    9516.07    1.70674
147601    9522.45    1.79798
147701    9528.61    1.72066
147801    9535.93    1.77128
147901    9541.92    1.88156
148001    9547.85    1.72172
148101    9554.51    1.86337
148201    9560.48    1.68101
148301    9566.52    1.79137
148401    9572.66    1.75001
148501    9579.29    1.73507
148601    9585.99    1.82291
148701    9592.56    1.96711
148801    9598.42    1.72378
148901    9604.84    1.67588
149001    9611.09    1.82331
149101    9617.16    1.80196
149201    9623.76    1.78435
149301    9629.54    1.9146
149401    9636.04    1.80304
149501    9642.34    1.67772
149601    9648.67    1.71392
149701    9655.87    1.81738
149801    9662.3    1.79708
149901    9668.41    1.77383
150001    9674.11    1.78825
150101    9680.32    1.76534
150201    9686.17    2.173
150301    9692.12    1.85295
150401    9698.56    1.90459
150501    9704.83    1.7647
150601    9711.24    1.87826
150701    9718.15    1.75467
150801    9723.88    1.81761
150901    9730.22    1.74405
151001    9736.52    1.75148
151101    9742.23    1.72533
151201    9748.34    1.78271
151301    9754.87    1.96812
151401    9761.27    1.71674
151501    9767.19    1.79193
151601    9773.46    1.80158
151701    9779.76    1.88302
151801    9786.32    1.96259
151901    9792.39    1.81815
152001    9798.67    2.27527
152101    9805.46    1.78304
152201    9811.91    1.68865
152301    9818.98    1.73561
152401    9825.02    1.68099
152501    9831.58    1.74085
152601    9838.01    1.79701
152701    9843.97    1.83597
152801    9849.76    1.69774
152901    9856.22    1.74877
153001    9862.18    1.71485
153101    9868.16    1.69548
153201    9874.56    1.88398
153301    9881.53    1.90958
153401    9887.81    1.78844
153501    9894.09    1.83124
153601    9900.96    1.76607
153701    9907.52    1.966
153801    9914.18    1.73646
153901    9920.66    1.74749
154001    9926.67    1.85969
154101    9932.8    1.76836
154201    9938.64    1.80387
154301    9944.86    1.76974
154401    9951.02    1.69994
154501    9957.4    1.78275
154601    9963.64    1.7152
154701    9969.86    1.78492
154801    9976.02    1.97767
154901    9982.1    1.79546
155001    9988.75    1.75855
155101    9994.77    1.82559
155201    10000.4    2.03291
155301    10006.8    1.78213
155401    10013.5    1.70571
155501    10019.5    1.69384
155601    10026.4    1.74182
155701    10033    1.72316
155801    10039.2    1.69508
155901    10045.1    1.69192
156001    10051.1    1.70002
156101    10056.7    1.71862
156201    10063.3    1.79683
156301    10069.7    1.88245
156401    10076.1    1.68654
156501    10082.4    1.71114
156601    10089.3    1.86219
156701    10095.4    1.72287
156801    10101.7    1.83474
156901    10107.9    1.75223
157001    10114    1.81469
157101    10120.2    1.80651
157201    10126.4    1.82613
157301    10132.9    1.74344
157401    10139.8    1.77749
157501    10146.1    1.73575
157601    10152.3    1.75204
157701    10158.4    1.81537
157801    10164.3    1.7021
157901    10170.3    1.71462
158001    10177.3    1.79133
158101    10183.7    1.82871
158201    10189.8    1.80958
158301    10197    1.87642
158401    10203.2    1.78623
158501    10210.3    1.70133
158601    10216.6    1.85211
158701    10223.1    1.91245
158801    10229.7    2.07819
158901    10237.6    1.75747
159001    10243.1    1.80898
159101    10249.1    2.08541
159201    10255.3    1.7413
159301    10261.2    1.68429
159401    10267.2    1.71567
159501    10273.9    1.71096
159601    10280.2    1.71668
159701    10286.6    1.71144
159801    10292.1    1.69904
159901    10298.7    1.72661
160001    10305.1    1.72518
160101    10311.8    1.73676
160201    10317.9    1.73137
160301    10324.3    1.71525
160401    10331    1.77685
160501    10337.2    1.71127
160601    10343.3    1.73326
160701    10349.8    1.73706
160801    10355.8    1.73903
160901    10361.8    1.69449
161001    10368.3    1.72818
161101    10373.9    1.75751
161201    10380.1    1.79404
161301    10386.6    1.82444
161401    10393.3    1.76672
161501    10400.1    1.85124
161601    10406.7    1.77645
161701    10412.7    1.78985
161801    10418.8    1.83681
161901    10425.5    1.87225
162001    10431.4    1.79906
162101    10437.6    1.74679
162201    10443.3    1.7305
162301    10449.3    1.90041
162401    10455.6    1.73214
162501    10461.9    1.78263
162601    10468.1    1.95485
162701    10474.5    1.86414
162801    10480.5    1.7659
162901    10486.3    1.79658
163001    10492.3    1.91741
163101    10498.9    1.76151
163201    10505.6    1.78086
163301    10512.1    1.85265
163401    10518    1.92816
163501    10524.4    1.70163
163601    10531.2    1.7933
163701    10537.6    1.74298
163801    10544    1.76809
163901    10549.5    1.75596
164001    10555.5    1.76664
164101    10561.6    1.95255
164201    10568    1.84262
164301    10573.9    2.04722
164401    10580.3    1.77903
164501    10586.2    1.87069
164601    10592.3    1.95348
164701    10598.5    1.91862
164801    10605.2    1.78736
164901    10611.3    1.74387
165001    10617.7    1.75067
165101    10623.1    1.87523
165201    10629.2    1.86787
165301    10635.2    1.73184
165401    10641.8    1.76021
165501    10648.2    1.82656
165601    10653.7    1.81701
165701    10659.9    1.65855
165801    10665.6    1.78014
165901    10671.8    1.7081
166001    10678.1    1.7531
166101    10684.2    1.70442
166201    10690.3    1.79169
166301    10696.7    1.80312
166401    10703    1.86399
166501    10709.3    1.81307
166601    10715.5    1.74562
166701    10722.1    1.776
166801    10727.9    1.85786
166901    10733.7    1.9511
167001    10739.7    1.74063
167101    10746.2    1.72927
167201    10752.4    1.68057
167301    10758.9    1.77882
167401    10765.4    1.71859
167501    10772.7    1.65768
167601    10778.7    1.73415
167701    10785.2    1.7134
167801    10791.6    1.74513
167901    10798    1.8446
168001    10804.4    1.79886
168101    10810.9    1.70919
168201    10817.2    1.71792
168301    10823.2    1.77343
168401    10829.8    1.75118
168501    10836.1    1.90329
168601    10842.1    1.7653
168701    10848.8    1.87587
168801    10855.1    1.8499
168901    10861.8    1.70729
169001    10868.8    1.75292
169101    10874.9    1.71341
169201    10881.3    1.79825
169301    10887    1.86883
169401    10893.1    1.81602
169501    10899    1.76586
169601    10905.4    1.76885
169701    10912    1.71366
169801    10918.5    1.77109
169901    10924.3    1.79251
170001    10930    1.93945
170101    10936.3    1.70764
170201    10942.3    1.66913
170301    10948.9    1.83712
170401    10955.4    1.80635
170501    10961.4    1.77698
170601    10967.3    1.79433
170701    10973.2    1.79573
170801    10979.5    1.6681
170901    10986.3    1.75333
171001    10992.8    1.77463
171101    10999.1    1.8769
171201    11005.6    1.69799
171301    11012.1    1.76122
171401    11018.5    1.73256
171501    11024.7    1.7653
171601    11030.5    1.73144
171701    11036.3    1.7842
171801    11042.8    1.67856
171901    11048.5    1.79681
172001    11054.2    1.6576
172101    11060.4    1.81904
172201    11066.7    1.8747
172301    11073    1.74347
172401    11079.5    1.74961
172501    11085.1    1.74021
172601    11092.3    1.73687
172701    11098.7    1.85137
172801    11105.1    1.8088
172901    11111.1    1.74091
173001    11117.7    1.75995
173101    11124.1    1.70316
173201    11130.5    1.73285
173301    11136.7    1.74
173401    11142.2    1.77723
173501    11148.5    1.77674
173601    11154.4    1.81362
173701    11160.8    1.79143
173801    11166.5    1.84843
173901    11173    1.7694
174001    11178.9    1.86787
174101    11185.6    1.77164
174201    11192.5    1.67339
174301    11199.1    1.62115
174401    11205.4    1.73003
174501    11211.7    1.70397
174601    11218.2    1.839
174701    11225.2    1.78342
174801    11231.2    1.78004
174901    11237.3    1.95501
175001    11242.5    1.91476
175101    11248.4    1.88689
175201    11255.2    1.74946
175301    11261.4    1.71295
175401    11267.5    1.83769
175501    11273.8    1.83704
175601    11280.1    1.84207
175701    11286.5    1.69478
175801    11292.7    1.80777
175901    11298.7    1.82146
176001    11305.1    1.68422
176101    11311.8    1.76371
176201    11318.4    1.7274
176301    11324.9    1.78897
176401    11331.3    1.79956
176501    11337.3    1.83467
176601    11343.3    1.71946
176701    11349.8    1.74234
176801    11356.4    1.65793
176901    11362.5    1.74626
177001    11368.9    1.74494
177101    11374.9    1.76484
177201    11380.5    1.839
177301    11386.4    1.83981
177401    11392.8    1.7351
177501    11400    1.86088
177601    11406.7    1.82808
177701    11412.9    1.64833
177801    11419.1    1.69985
177901    11425.4    1.77813
178001    11431.5    1.81868
178101    11438.5    1.7192
178201    11445    1.74674
178301    11451.5    1.97971
178401    11458.3    1.81819
178501    11464.5    1.78438
178601    11470.4    1.78755
178701    11476.7    1.66145
178801    11482.9    1.65869
178901    11489.3    1.79102
179001    11495.8    1.76174
179101    11501.8    1.77452
179201    11508.1    1.84575
179301    11515    1.76667
179401    11521.1    1.79201
179501    11527.3    1.70441
179601    11533.4    1.71692
179701    11540.1    1.69367
179801    11546.8    1.68138
179901    11553.1    1.85934
180001    11559.5    1.70381
180101    11565.2    1.60048
180201    11571.2    1.75321
180301    11577.9    1.69405
180401    11584.4    1.81394
180501    11590.8    1.73647
180601    11597.1    1.74636
180701    11603    1.77938
180801    11609.1    1.74272
180901    11615    1.70772
181001    11621.3    1.74732
181101    11627.8    1.88533
181201    11633.9    1.94077
181301    11640.8    1.77964
181401    11646.9    1.67569
181501    11652.7    1.81458
181601    11658.8    1.77939
181701    11665    1.69214
181801    11670.7    1.75998
181901    11676.8    1.67799
182001    11684    1.78725
182101    11690.2    1.7303
182201    11696.7    1.79125
182301    11703.4    1.70661
182401    11709.9    1.81048
182501    11716.3    1.80918
182601    11722.6    1.75424
182701    11728.4    1.73522
182801    11734.9    1.72127
182901    11741.4    1.70629
183001    11747.8    1.79949
183101    11753.8    1.73323
183201    11759.8    1.79287
183301    11766.6    1.76371
183401    11772.6    1.83551
183501    11778.4    1.71585
183601    11785    1.688
183701    11790.9    1.70184
183801    11796.8    1.81636
183901    11803.2    1.86788
184001    11809.8    1.82018
184101    11816.5    1.71066
184201    11822.4    1.7574
184301    11828.8    1.83789
184401    11834.6    1.79593
184501    11840.8    1.86126
184601    11847.4    1.73405
184701    11853.7    1.86514
184801    11859.9    1.86773
184901    11866.1    1.81492
185001    11872.1    1.80059
185101    11878.4    1.9685
185201    11884.4    1.85638
185301    11890.5    1.66179
185401    11897    1.8349
185501    11903.4    1.8002
185601    11910.4    1.67499
185701    11916.4    1.72035
185801    11922.1    1.74335
185901    11928.5    1.72521
186001    11934.6    1.88911
186101    11940.9    1.69265
186201    11947.2    1.85229
186301    11953.3    1.79631
186401    11959    1.80485
186501    11965.7    1.80038
186601    11971.7    1.76985
186701    11977.9    1.71846
186801    11985    1.83839
186901    11991.1    1.81456
187001    11997.5    2.0632
187101    12003.8    1.82605
187201    12010.7    1.76128
187301    12017.2    1.69389
187401    12023.4    1.75565
187501    12029.5    1.80736
187601    12035.9    1.72899
187701    12042.1    1.69954
187801    12048.7    1.7857
187901    12055.2    1.79216
188001    12061.6    1.79199
188101    12067.8    1.74127
188201    12074.4    1.79977
188301    12080.7    1.69289
188401    12086.8    1.7679
188501    12092.9    1.89458
188601    12099.3    1.89163
188701    12105.4    1.96982
188801    12111.3    1.67484
188901    12117.3    1.78025
189001    12123.1    1.73927
189101    12129.7    1.77471
189201    12136.1    1.88163
189301    12142.2    1.68812
189401    12148.5    1.67439
189501    12154.8    1.69306
189601    12160.3    1.79953
189701    12166.3    1.83598
189801    12172.8    1.65785
189901    12179    1.68867
190001    12185.7    1.77447
190101    12192.2    1.66455
190201    12199    1.70033
190301    12205.2    1.72994
190401    12211.5    1.79825
190501    12218    1.66507
190601    12224.7    1.75519
190701    12231.8    1.80701
190801    12238.2    1.65776
190901    12244    1.9314
191001    12250.5    1.77754
191101    12256.1    1.8154
191201    12262.3    1.88118
191301    12268.3    2.19905
191401    12275    1.67541
191501    12281.9    1.77013
191601    12288.5    1.81831
191701    12294.1    1.80531
191801    12300.3    1.78767
191901    12306.7    1.70583
192001    12313.5    1.6281
192101    12318.8    1.77722
192201    12325.5    1.74342
192301    12331.2    1.79847
192401    12337.1    1.7482
192501    12343.4    1.70504
192601    12349.6    1.84409
192701    12356.2    1.80886
192801    12362.8    1.73614
192901    12369.4    1.69928
193001    12375.8    1.70479
193101    12382    1.79324
193201    12387.9    1.70217
193301    12394.4    1.76865
193401    12400.6    1.8108
193501    12406.8    1.82224
193601    12412.4    1.84063
193701    12418.1    1.87334
193801    12424.1    1.69169
193901    12429.9    1.6163
194001    12435.8    1.70023
194101    12442    1.80426
194201    12448.3    1.70636
194301    12455    1.73256
194401    12461.4    1.73777
194501    12467.4    1.72065
194601    12473.6    1.64068
194701    12480.1    1.73229
194801    12486.1    1.77967
194901    12492.7    1.7177
195001    12499    1.71269
195101    12505.4    1.68324
195201    12512.2    1.7411
195301    12518.5    1.86399
195401    12525.7    1.73523
195501    12532.9    1.85081
195601    12540.2    1.88738
195701    12547.7    1.66078
195801    12554.5    1.71593
195901    12561.2    1.68138
196001    12567.8    1.77556
196101    12574.4    1.89477
196201    12580.7    1.73968
196301    12587.9    1.61727
196401    12594.7    1.7463
196501    12601.4    1.79279
196601    12607.8    1.79788
196701    12614.5    1.81592
196801    12621.8    1.73093
196901    12628.4    1.75778
197001    12634.9    1.72647
197101    12641.6    1.80351
197201    12648.6    1.86459
197301    12656.1    1.66389
197401    12663.6    1.72233
197501    12670.6    1.83645
197601    12677.4    1.74713
197701    12683.5    1.76717
197801    12690    1.70402
197901    12696.6    1.77339
198001    12703.3    1.75033
