1    3.87277    1.77141
101    9.53856    2.48597
201    15.6047    2.49904
301    21.0483    2.51491
401    27.5231    2.17632
501    33.1049    2.04969
601    38.2423    2.0514
701    44.2276    2.04081
801    49.6937    2.38746
901    55.0779    2.23102
1001    60.7355    2.44258
1101    65.6804    1.87184
1201    71.4117    1.9702
1301    77.6888    2.1234
1401    83.4427    1.79033
1501    89.2907    1.85834
1601    95.106    2.28046
1701    100.808    2.0195
1801    106.481    1.98856
1901    112.394    1.7558
2001    117.746    1.87326
2101    123.466    1.89205
2201    129.573    1.87526
2301    134.735    2.07843
2401    139.999    1.84663
2501    145.785    1.87465
2601    151.451    2.15893
2701    157.344    1.78045
2801    162.714    1.80773
2901    168.396    1.72607
3001    173.372    1.93123
3101    177.88    2.12594
3201    183.076    1.9039
3301    189.214    1.75417
3401    194.006    1.72862
3501    199.118    1.71627
3601    204.208    1.75191
3701    209.585    1.78942
3801    215.197    1.71229
3901    221.269    2.03351
4001    226.929    1.74738
4101    232.027    1.77777
4201    237.58    1.80023
4301    243.779    1.97367
4401    249.241    1.62064
4501    255.028    1.63711
4601    260.59    1.64436
4701    265.508    1.71736
4801    270.328    1.7383
4901    275.765    1.99963
5001    281.623    2.05624
5101    286.727    1.85513
5201    293.126    1.81085
5301    299.904    1.94678
5401    305.36    1.61454
5501    311.591    2.26043
5601    317.13    1.79768
5701    323.478    1.71488
5801    329.988    2.25364
5901    335.434    1.89123
6001    341.012    1.73119
6101    346.303    2.08795
6201    351.585    1.71201
6301    358.14    1.5041
6401    364.182    1.78003
6501    369.655    1.82837
6601    375.473    1.63363
6701    380.98    1.64098
6801    385.931    1.65644
6901    392.354    2.19114
7001    397.963    1.74567
7101    402.534    1.71571
7201    408.721    1.6632
7301    414.066    1.66768
7401    420.284    1.72329
7501    425.868    1.61634
7601    431.959    1.74313
7701    438.546    1.68535
7801    444.362    1.70372
7901    449.914    1.96721
8001    456.621    1.76274
8101    462.274    2.87971
8201    468.046    1.76775
8301    473.118    1.77122
8401    478.794    1.64806
8501    484.508    2.03196
8601    490.939    1.66771
8701    496.776    1.69411
8801    502.757    1.88402
8901    508.528    1.63158
9001    515.132    1.8039
9101    521.984    1.57872
9201    528.458    1.60527
9301    534.341    1.68277
9401    540.485    1.62473
9501    545.828    1.73169
9601    551.216    1.82891
9701    557.12    1.66915
9801    562.266    1.96748
9901    567.499    1.62194
10001    573.228    1.71888
10101    579.358    1.74946
10201    586.071    1.67032
10301    592.421    1.59571
10401    597.768    1.82884
10501    604.021    1.68877
10601    610.12    1.72256
10701    615.836    1.67525
10801    621.501    1.70904
10901    626.721    1.72253
11001    633.393    2.04507
11101    639.452    1.82464
11201    645.821    1.85535
11301    651.154    1.53824
11401    658.147    1.54744
11501    664.12    1.67299
11601    669.408    1.56964
11701    675.294    1.62878
11801    681.041    1.64191
11901    686.729    1.63982
12001    691.806    1.6773
12101    697.516    1.67079
12201    703.253    1.75581
12301    709.292    2.05969
12401    714.616    1.82469
12501    720.328    1.63758
12601    725.524    1.99362
12701    730.772    1.96446
12801    736.744    1.5536
12901    742.304    1.64991
13001    748.611    1.67883
13101    754.388    1.6887
13201    760.403    1.80492
13301    765.806    1.96481
13401    771.74    1.78059
13501    778.524    1.83334
13601    784.12    1.83418
13701    790.326    1.80766
13801    797.162    1.86669
13901    803.17    1.84115
14001    809.629    1.63783
14101    815.618    2.08689
14201    820.65    1.64882
14301    826.922    1.63239
14401    832.286    1.70131
14501    838.518    1.75491
14601    843.931    1.6156
14701    850.212    1.73781
14801    856.287    1.83311
14901    861.896    2.02298
15001    866.811    1.71781
15101    873.206    1.58017
15201    878.884    1.75883
15301    883.872    1.68953
15401    889.505    1.59584
15501    895.105    2.65179
15601    901.08    1.61157
15701    906.566    1.65287
15801    911.855    1.68384
15901    918.311    1.62807
16001    923.382    1.59916
16101    929.201    1.56976
16201    935.109    1.61233
16301    940.899    1.63694
16401    946.843    1.78798
16501    952.956    1.64824
16601    958.693    1.62672
16701    965.228    1.82283
16801    970.502    1.96089
16901    976.069    1.85834
17001    981.841    1.67232
17101    988.06    1.75802
17201    995.059    1.78646
17301    1001.46    1.80992
17401    1006.8    1.78618
17501    1012.28    2.03284
17601    1017.45    1.70295
17701    1023.65    1.61346
17801    1029.44    1.70506
17901    1034.74    1.78892
18001    1040.45    1.7945
18101    1045.9    1.68724
18201    1051.54    1.96666
18301    1057.07    1.65192
18401    1063.29    1.7158
18501    1068.01    1.59143
18601    1074.52    1.63488
18701    1080.74    1.63464
18801    1086.75    1.64556
18901    1091.99    1.71056
19001    1097.52    1.87967
19101    1103.09    1.74082
19201    1108.45    1.6876
19301    1114.72    1.61717
19401    1120.3    1.84165
19501    1125.09    2.01853
19601    1130.94    1.90947
19701    1137.22    1.67048
19801    1143.58    1.76171
19901    1148.78    1.83109
20001    1153.69    1.59684
20101    1159.14    1.77794
20201    1164.18    1.49387
20301    1169.83    1.56467
20401    1176.03    1.54164
20501    1181.49    1.56615
20601    1188.31    1.67608
20701    1194.87    1.76003
20801    1200.72    1.65351
20901    1206.51    1.50444
21001    1212.28    1.66716
21101    1217.19    2.02896
21201    1222.3    1.76282
21301    1227.38    1.54063
21401    1232.4    1.72647
21501    1237.99    1.77242
21601    1242.94    1.5874
21701    1248.75    1.67416
21801    1254.54    1.65832
21901    1260.21    1.48347
22001    1265.41    1.63137
22101    1271.73    1.70837
22201    1276.37    1.80538
22301    1281.56    1.82084
22401    1287.11    1.6471
22501    1293.39    1.74322
22601    1299.92    1.89277
22701    1306.08    2.16243
22801    1312.15    1.61638
22901    1317.76    1.90789
23001    1323.02    1.75318
23101    1328.19    1.61306
23201    1333.05    3.24386
23301    1338.72    1.52807
23401    1343.93    2.19186
23501    1349.46    1.72443
23601    1355.01    1.69824
23701    1360.45    2.17248
23801    1365.34    1.60537
23901    1370.43    1.55912
24001    1376.78    1.66564
24101    1382.69    1.76092
24201    1389.21    1.7658
24301    1396.22    1.78692
24401    1401.83    1.73507
24501    1406.96    1.84184
24601    1412.43    1.6558
24701    1418.52    1.59751
24801    1424.78    2.16061
24901    1430.72    1.71233
25001    1436.16    1.69324
25101    1441.96    1.67081
25201    1447.17    1.77871
25301    1452.75    1.71982
25401    1459.04    1.63467
25501    1464.81    1.68918
25601    1471    1.50433
25701    1476.59    1.7
25801    1482.73    1.92091
25901    1487.72    1.6686
26001    1493.1    1.70834
26101    1498.23    1.67427
26201    1503.37    1.5651
26301    1508.71    1.63237
26401    1514.1    1.76225
26501    1519.6    1.92436
26601    1525.27    2.39732
26701    1531.64    1.58247
26801    1536.75    1.73737
26901    1542.08    1.71795
27001    1547.9    1.67044
27101    1553.13    1.8634
27201    1558.61    1.76898
27301    1564.82    1.83973
27401    1569.89    1.81887
27501    1575.7    1.83989
27601    1580.95    1.76002
27701    1586.68    1.7302
27801    1592.35    1.85574
27901    1597.84    3.01058
28001    1602.93    1.67239
28101    1609.45    1.76169
28201    1615.64    1.82629
28301    1621.6    1.56963
28401    1627.17    1.68782
28501    1632.67    1.72266
28601    1637.67    1.65398
28701    1642.84    1.68604
28801    1649.05    1.56404
28901    1654.82    1.82158
29001    1660.41    1.61337
29101    1666.83    1.64236
29201    1672.61    1.67425
29301    1678.65    2.297
29401    1684.24    1.56289
29501    1690.39    1.57281
29601    1695.35    1.58021
29701    1700.74    1.55108
29801    1706.09    1.59366
29901    1711.52    1.65671
30001    1716.74    1.64824
30101    1722.37    1.67946
30201    1727.69    1.65253
30301    1733.1    1.6926
30401    1738.53    1.62933
30501    1744.7    1.68736
30601    1750.17    1.64795
30701    1755.29    1.68943
30801    1760.67    1.89881
30901    1766.85    1.74914
31001    1772.38    1.93559
31101    1777.5    1.66419
31201    1783.38    1.75182
31301    1788.6    1.66652
31401    1794.39    1.63305
31501    1799.88    1.82147
31601    1805.19    2.30026
31701    1810.74    1.74052
31801    1816.09    1.88787
31901    1822.09    1.81648
32001    1827.58    1.64446
32101    1832.99    1.67678
32201    1837.7    1.7347
32301    1843.35    1.73388
32401    1848.84    1.64343
32501    1855.21    1.80181
32601    1860.66    1.62201
32701    1866.18    1.66706
32801    1871.94    2.44218
32901    1878.73    1.59153
33001    1883.92    1.56182
33101    1889.77    1.54847
33201    1894.8    1.57761
33301    1900.11    1.61797
33401    1905.47    1.63808
33501    1911.21    1.6684
33601    1916.41    1.63823
33701    1922.43    1.73628
33801    1928.51    1.69275
33901    1934.55    1.72455
34001    1940.81    1.85371
34101    1946.58    1.66069
34201    1953.42    1.69548
34301    1959.87    1.60912
34401    1966.05    1.70952
34501    1970.92    1.77802
34601    1976.55    1.69179
34701    1981.62    1.71208
34801    1987.07    1.93599
34901    1992.65    1.68902
35001    1998.3    1.71619
35101    2004.38    1.94813
35201    2010.03    1.81671
35301    2015.82    1.63968
35401    2021.92    1.90773
35501    2027.72    1.74175
35601    2033.06    1.67638
35701    2038.87    1.77886
35801    2044.94    1.58624
35901    2050.51    1.77716
36001    2056.26    1.79483
36101    2062.17    2.02952
36201    2067.68    1.74072
36301    2073.61    1.81374
36401    2079.23    2.1224
36501    2084.46    1.92885
36601    2089.81    1.75271
36701    2095.06    1.6727
36801    2100.38    1.67984
36901    2105.76    1.73961
37001    2111.92    1.72278
37101    2117.63    1.86928
37201    2123.68    1.70539
37301    2129.35    1.6275
37401    2135.06    1.76921
37501    2139.72    1.95086
37601    2145.19    1.58839
37701    2150.25    1.61958
37801    2156.19    1.54629
37901    2161.89    1.6785
38001    2167.43    1.65777
38101    2172.85    1.59222
38201    2178.59    1.57733
38301    2184.19    1.67606
38401    2189.56    1.62254
38501    2195.33    1.66119
38601    2200.22    1.6414
38701    2206.21    1.74667
38801    2212.56    1.66971
38901    2218.37    1.60249
39001    2224.45    1.75454
39101    2229.9    1.81089
39201    2235.94    1.82071
39301    2241.31    1.94915
39401    2246.91    1.67418
39501    2252.43    1.65519
39601    2258.41    1.65939
39701    2264.87    1.75278
39801    2270.66    1.69491
39901    2275.81    1.63384
40001    2281.49    1.73115
40101    2286.76    1.62918
40201    2292.31    1.63383
40301    2297.77    1.80589
40401    2302.92    1.94282
40501    2308.02    1.75663
40601    2313.69    1.83805
40701    2318.84    1.93
40801    2325.2    1.79884
40901    2331.23    1.67676
41001    2336.41    1.68527
41101    2341.94    1.82592
41201    2348.25    1.5769
41301    2353.14    1.85708
41401    2359.28    1.74851
41501    2364.26    1.80955
41601    2370.04    1.76193
41701    2375.64    1.92052
41801    2380.88    1.56175
41901    2387.45    1.62136
42001    2392.86    1.67522
42101    2398.84    1.63183
42201    2405.02    1.56481
42301    2410.74    1.62863
42401    2416.56    1.74144
42501    2422.81    1.85248
42601    2428.33    1.8051
42701    2434.19    1.87472
42801    2438.84    1.75068
42901    2444.79    1.68742
43001    2450.66    1.8654
43101    2457.4    1.76156
43201    2463.13    1.84582
43301    2469.16    1.65982
43401    2476.26    1.71482
43501    2482.27    1.89276
43601    2487.37    1.84141
43701    2492.73    1.66785
43801    2498.98    1.89003
43901    2504.99    1.77065
44001    2510.84    1.71477
44101    2516.46    1.72951
44201    2522.43    1.83745
44301    2528.21    1.73088
44401    2534.46    1.71817
44501    2540.01    1.83644
44601    2545.3    1.63826
44701    2551.32    1.59199
44801    2556.59    1.67232
44901    2562.33    1.92345
45001    2568.56    1.73999
45101    2574.82    1.79822
45201    2580.5    1.82383
45301    2586.03    1.7414
45401    2592.43    1.74496
45501    2597.96    1.76261
45601    2602.91    1.82809
45701    2608.63    1.63776
45801    2614.07    1.7934
45901    2619.17    2.08331
46001    2624.91    1.63039
46101    2630.35    1.66067
46201    2636.56    1.68951
46301    2641.47    1.90126
46401    2647.68    2.12185
46501    2653.15    1.67494
46601    2658.81    1.67578
46701    2664.56    1.79395
46801    2670.62    1.95432
46901    2676.19    1.68924
47001    2682.06    1.68764
47101    2687.88    2.28128
47201    2693.46    1.66175
47301    2699.33    1.55703
47401    2705.74    1.66367
47501    2711.11    1.66058
47601    2716.5    1.61789
47701    2722.63    1.70213
47801    2728.21    1.72876
47901    2733.16    1.65059
48001    2738.3    1.59282
48101    2744.24    1.73731
48201    2749.59    1.82762
48301    2755.54    1.76308
48401    2760.79    1.7915
48501    2765.75    1.78002
48601    2771.15    1.55706
48701    2775.99    1.79499
48801    2781.82    1.59925
48901    2787.83    1.85999
49001    2793.55    1.71435
49101    2799.95    1.93252
49201    2806.01    1.90555
49301    2812.01    1.68023
49401    2818.91    2.13466
49501    2824.53    2.23536
49601    2829.64    1.60296
49701    2835.45    1.77152
49801    2841.02    1.68975
49901    2847.28    1.91385
50001    2853.02    1.6908
50101    2859.06    1.71088
50201    2865.16    1.71919
50301    2871.62    1.69258
50401    2876.68    1.77733
50501    2882.13    1.73596
50601    2887.62    1.76383
50701    2892.67    1.66611
50801    2898.42    1.96431
50901    2904.3    1.63022
51001    2909.92    1.79852
51101    2915.9    1.78145
51201    2921.88    1.67863
51301    2927.1    1.76451
51401    2932.54    1.85606
51501    2938.36    1.74412
51601    2943.95    1.73098
51701    2948.66    2.52568
51801    2954.05    1.68137
51901    2959.85    1.63363
52001    2965.76    2.03056
52101    2971.12    1.78679
52201    2976.82    1.77458
52301    2982.38    1.84943
52401    2987.83    1.80292
52501    2993.25    1.58192
52601    2998.27    1.81253
52701    3004.03    1.956
52801    3009.03    1.67233
52901    3015.2    1.81863
53001    3020.97    1.63455
53101    3026.71    1.7035
53201    3033.2    1.84629
53301    3038.71    1.60621
53401    3044.47    1.70709
53501    3049.63    1.68638
53601    3055.49    1.84152
53701    3061.76    1.64889
53801    3067.35    1.76786
53901    3072.94    1.57122
54001    3078    1.69971
54101    3083.13    1.63997
54201    3088.47    1.70511
54301    3094.85    1.66097
54401    3101.08    1.64307
54501    3107.05    1.55622
54601    3112.69    1.76643
54701    3118.31    1.84251
54801    3123.39    1.88882
54901    3128.43    2.03644
55001    3134.21    1.63079
55101    3139.49    1.65045
55201    3145.07    1.61863
55301    3150.94    1.69296
55401    3156.26    1.82787
55501    3161.39    1.78158
55601    3166.4    1.85803
55701    3171.13    1.79285
55801    3176.67    1.64305
55901    3182.66    1.76283
56001    3187.69    1.85765
56101    3193.18    1.7631
56201    3198.79    1.5411
56301    3204.34    1.62172
56401    3210.47    1.6392
56501    3215.71    1.65151
56601    3221.56    1.68503
56701    3227.51    1.77085
56801    3232.9    1.76871
56901    3238.28    1.67236
57001    3243.57    1.61112
57101    3249.6    1.77739
57201    3254.91    1.7115
57301    3260.6    1.57397
57401    3266.57    1.56637
57501    3272.76    1.77552
57601    3278.58    1.70301
57701    3284.67    1.8119
57801    3289.86    1.72164
57901    3295.49    1.97033
58001    3301.96    1.69455
58101    3307.35    1.67587
58201    3312.01    1.72967
58301    3317.26    1.67469
58401    3322.81    2.66366
58501    3328.52    1.62326
58601    3335.03    1.71269
58701    3340.88    1.63764
58801    3346.97    1.63946
58901    3352.96    1.82276
59001    3357.66    2.19105
59101    3362.33    1.77011
59201    3368.07    1.70107
59301    3374.04    1.70686
59401    3380.43    1.6654
59501    3386.63    1.66408
59601    3391.57    1.81926
59701    3396.83    1.88527
59801    3402.16    1.6296
59901    3407.44    1.81443
60001    3412.65    1.71844
60101    3417.77    1.77713
60201    3423.69    1.59378
60301    3428.42    1.66569
60401    3433.83    1.67805
60501    3439.73    1.84576
60601    3446.22    1.75314
60701    3452.01    1.91814
60801    3457.89    1.62909
60901    3464.21    1.59781
61001    3469.76    1.59507
61101    3474.53    1.60012
61201    3479.44    1.59379
61301    3484.93    1.64003
61401    3490.69    1.69987
61501    3496.55    1.80411
61601    3501.66    1.75351
61701    3507.03    1.66492
61801    3512.14    1.67783
61901    3517.02    1.59893
62001    3521.68    1.76403
62101    3527.06    1.69795
62201    3533.09    1.67266
62301    3538.26    1.71516
62401    3544.32    1.88441
62501    3550.3    1.73277
62601    3555.49    2.29601
62701    3561.35    1.68253
62801    3566.43    1.61856
62901    3572.37    1.68886
63001    3578.24    1.80533
63101    3583.75    1.88688
63201    3588.83    1.84181
63301    3594.3    1.54531
63401    3600.1    1.7126
63501    3606.07    1.70113
63601    3612.28    1.6568
63701    3618.06    1.83855
63801    3623.32    1.68298
63901    3628.78    2.68596
64001    3634.8    1.62978
64101    3640.22    2.50467
64201    3647.15    1.73426
64301    3652.35    1.72693
64401    3658.71    1.65337
64501    3664.87    1.78293
64601    3670.34    1.95249
64701    3675.8    1.78322
64801    3680.66    1.7001
64901    3685.65    1.77385
65001    3691.3    1.76826
65101    3697.33    1.8406
65201    3702.43    1.7629
65301    3708.27    1.62453
65401    3713.21    1.84343
65501    3719.24    2.00658
65601    3725.08    1.88283
65701    3729.86    1.70614
65801    3734.63    1.59037
65901    3740.73    1.69719
66001    3745.86    1.7393
66101    3751.76    1.7481
66201    3756.86    1.69205
66301    3761.39    1.99748
66401    3766.82    1.64987
66501    3772.77    1.66699
66601    3778.32    1.75801
66701    3783.65    1.81844
66801    3788.52    1.76133
66901    3794.23    1.83055
67001    3799.64    1.75948
67101    3805.83    1.53188
67201    3812.55    1.52682
67301    3818.74    1.59969
67401    3824.5    1.6256
67501    3830.19    1.6513
67601    3835.29    1.66256
67701    3840.43    1.71371
67801    3845.97    1.61868
67901    3851.17    1.68038
68001    3856.1    1.75543
68101    3862.31    1.65684
68201    3867.41    1.73888
68301    3872.15    1.85965
68401    3877.58    1.80963
68501    3883.31    1.70983
68601    3889.2    1.77316
68701    3895.31    1.76338
68801    3901.33    1.61674
68901    3907.64    1.69321
69001    3913.27    1.71567
69101    3919.06    1.60229
69201    3925.15    1.83487
69301    3930.44    1.71239
69401    3935.59    1.84499
69501    3940.69    1.88112
69601    3946.79    1.82173
69701    3953.18    1.87191
69801    3958.86    1.72364
69901    3964.11    1.69637
70001    3969.57    1.77135
70101    3975.17    1.58902
70201    3980.58    1.67171
70301    3986.15    1.7651
70401    3991.9    1.94464
70501    3997.22    1.69636
70601    4003.31    1.66872
70701    4009.59    1.59856
70801    4015.61    1.57804
70901    4021.64    1.85146
71001    4027.4    1.57489
71101    4032.77    1.66855
71201    4038.3    1.68443
71301    4044.59    1.79786
71401    4050.9    1.56462
71501    4056.86    1.81625
71601    4061.99    1.79743
71701    4068.08    1.67918
71801    4074.19    1.81758
71901    4080.28    1.62568
72001    4086.06    1.70563
72101    4093.46    1.71082
72201    4099.14    1.70833
72301    4104.79    1.63658
72401    4110.41    1.68919
72501    4115.4    1.7215
72601    4120.87    1.78447
72701    4126.62    1.81967
72801    4132.94    1.83724
72901    4138.83    2.20382
73001    4144.32    1.64239
73101    4149.79    1.5863
73201    4156.32    1.75277
73301    4162.65    1.6675
73401    4168.86    1.69828
73501    4175.19    1.70289
73601    4181.26    1.82846
73701    4186.88    1.81119
73801    4193.7    1.86905
73901    4198.96    1.66508
74001    4203.86    1.85992
74101    4210.59    1.85748
74201    4216.25    1.77179
74301    4222.73    1.79166
74401    4228.16    1.65649
74501    4233.21    1.62788
74601    4238.63    1.61335
74701    4244.56    1.96108
74801    4250.99    1.55986
74901    4258.06    1.68452
75001    4263.03    1.71473
75101    4268.22    1.65377
75201    4274.15    1.80449
75301    4280.42    1.9796
75401    4285.93    1.79143
75501    4291.6    1.90345
75601    4296.99    1.83643
75701    4303.78    1.7101
75801    4310.21    1.77384
75901    4316.7    1.77701
76001    4323.16    1.88156
76101    4328.21    1.84703
76201    4333.98    1.74483
76301    4340.58    2.33048
76401    4347.4    1.67473
76501    4353.07    1.53224
76601    4360.25    1.76812
76701    4365.56    1.82839
76801    4370.99    1.8193
76901    4377.02    1.72947
77001    4383.76    1.73161
77101    4389.38    1.89965
77201    4395.37    1.78101
77301    4400.69    1.75259
77401    4407.14    1.76261
77501    4413.01    1.76136
77601    4418.71    1.67453
77701    4424.86    1.76912
77801    4431.19    1.62491
77901    4437.7    1.84261
78001    4443.12    1.68344
78101    4448.89    1.8662
78201    4454.71    1.87065
78301    4460.7    1.65343
78401    4466.07    1.69161
78501    4472.05    1.7966
78601    4478.31    1.73158
78701    4483.94    1.64787
78801    4490.12    1.79085
78901    4495.82    1.78347
79001    4501.94    1.84557
79101    4507.23    1.5672
79201    4512.75    1.60969
79301    4519.62    1.79282
79401    4525.63    1.74618
79501    4531.31    1.81329
79601    4537.63    1.65182
79701    4543.25    1.65305
79801    4548.88    1.74798
79901    4555.41    1.71344
80001    4560.91    1.69273
80101    4566.94    1.77025
80201    4572.65    2.00031
80301    4578.75    1.69574
80401    4585.41    1.6777
80501    4591.04    1.7415
80601    4597.28    1.70294
80701    4602.76    1.77247
80801    4608.47    1.83638
80901    4613.89    1.90196
81001    4621.22    1.62363
81101    4627.15    1.49399
81201    4632.99    1.71041
81301    4638    1.58456
81401    4644.41    1.58669
81501    4649.77    1.71789
81601    4655.74    1.73458
81701    4661.2    1.77258
81801    4667.92    1.55519
81901    4673.48    1.67571
82001    4679.04    1.74407
82101    4684.76    1.70929
82201    4691.87    1.74501
82301    4697.04    1.68542
82401    4702.59    1.74618
82501    4708.15    1.86511
82601    4713.03    1.97539
82701    4718.3    1.8309
82801    4724.13    1.64137
82901    4730.77    1.8842
83001    4736.47    1.87583
83101    4741.37    1.82305
83201    4748.49    1.77046
83301    4755.63    1.68811
83401    4760.61    2.1478
83501    4766.87    1.70212
83601    4772.65    1.70763
83701    4778.44    1.79957
83801    4785.04    1.73361
83901    4791.47    1.84454
84001    4797.9    1.81593
84101    4803.88    1.65551
84201    4809.9    1.91471
84301    4814.96    1.67345
84401    4820.77    1.69082
84501    4826.53    1.81808
84601    4832.35    1.6791
84701    4838.06    2.02905
84801    4844.54    1.726
84901    4850.29    1.66988
85001    4856.15    1.93153
85101    4862.08    1.62592
85201    4868.21    1.68005
85301    4874.53    1.60696
85401    4879.4    1.76933
85501    4885.6    1.83607
85601    4892.34    1.65456
85701    4897.54    1.78285
85801    4903.56    1.70854
85901    4909.52    1.60721
86001    4916.09    1.76071
86101    4922.28    1.72549
86201    4928.4    1.70791
86301    4934.78    1.78518
86401    4941.05    1.89819
86501    4947.69    1.82575
86601    4952.86    1.58696
86701    4958.74    1.60961
86801    4965.09    1.65703
86901    4971.21    1.69408
87001    4977.55    2.24048
87101    4983.53    1.65216
87201    4989.2    1.76145
87301    4995.29    1.65261
87401    5001.46    1.69845
87501    5007.98    1.57915
87601    5014.8    1.67607
87701    5021.23    1.73396
87801    5027.49    1.66802
87901    5033.47    1.65901
88001    5039.15    1.69494
88101    5044.65    1.71224
88201    5050.52    1.70406
88301    5055.73    1.58355
88401    5062.04    1.8424
88501    5067.92    1.72015
88601    5073.46    2.03862
88701    5079.5    1.68124
88801    5085.68    1.60168
88901    5092.73    1.6422
89001    5098.58    1.6652
89101    5103.94    1.67743
89201    5109.13    1.84511
89301    5114.9    1.59809
89401    5121.27    1.67593
89501    5127.05    1.76775
89601    5132.75    1.62094
89701    5138.52    1.63899
89801    5144.29    1.77668
89901    5149.62    1.60277
90001    5155.95    1.69582
90101    5160.93    1.82496
90201    5166.08    1.79888
90301    5170.9    2.63933
90401    5176.6    1.80994
90501    5183.02    1.61905
90601    5188.35    1.67493
90701    5194.11    1.76368
90801    5200.77    1.8017
90901    5206.22    1.91733
91001    5211.98    1.85456
91101    5218    1.9269
91201    5224.31    2.0498
91301    5230.76    1.67427
91401    5237.36    1.58141
91501    5242.87    1.58749
91601    5248.76    1.6168
91701    5254.47    1.5717
91801    5259.49    1.6125
91901    5265.04    1.65454
92001    5270.67    1.59373
92101    5276.46    1.62032
92201    5281.87    1.75761
92301    5287.65    1.78955
92401    5293.38    1.6657
92501    5297.8    1.87359
92601    5302.93    1.9292
92701    5308.09    1.46473
92801    5314.27    1.69225
92901    5319.42    1.65089
93001    5324.72    1.79874
93101    5329.85    1.57851
93201    5336.13    1.75133
93301    5342.45    1.68365
93401    5347.46    1.69919
93501    5353.42    1.61787
93601    5359.97    1.78355
93701    5364.72    1.89891
93801    5370.03    1.78465
93901    5375.73    1.75347
94001    5380.94    1.86473
94101    5386.42    1.90466
94201    5392.47    1.709
94301    5398.05    1.77956
94401    5404.16    1.73674
94501    5409.11    1.94213
94601    5414.71    1.94939
94701    5421.18    1.89796
94801    5427.04    1.6393
94901    5433.45    1.66689
95001    5438.95    1.79141
95101    5444.88    1.75212
95201    5450.73    1.88477
95301    5456.64    1.91798
95401    5463.08    1.69312
95501    5468.68    1.7676
95601    5474.89    1.75293
95701    5481.24    1.76574
95801    5487.29    1.80525
95901    5492.54    1.779
96001    5498.31    2.17045
96101    5504.31    1.75933
96201    5511.14    1.66962
96301    5516.61    2.35823
96401    5522.13    1.6198
96501    5527.57    1.75492
96601    5532.74    1.76882
96701    5537.51    1.75609
96801    5543.79    1.68664
96901    5550.29    1.74743
97001    5556.7    1.62637
97101    5562.17    1.87708
97201    5568.4    1.65371
97301    5573.74    1.57965
97401    5578.89    1.7777
97501    5583.41    1.73869
97601    5588.53    1.72679
97701    5595.45    1.7517
97801    5600.65    1.65435
97901    5607.38    1.75756
98001    5613.4    1.92478
98101    5619.07    1.7499
98201    5626.12    1.6268
98301    5631.29    1.71878
98401    5637.63    1.76122
98501    5642.35    1.77913
98601    5647.3    1.70697
98701    5653.77    1.59397
98801    5660.16    1.689
98901    5666.29    1.77511
99001    5672.53    1.68255
99101    5679.07    1.82347
99201    5685.64    1.67834
99301    5691.16    1.56713
99401    5696.41    1.50383
99501    5701.93    1.74867
99601    5708.5    1.77683
99701    5714.27    1.98237
99801    5720.03    1.95175
99901    5725.49    1.93519
100001    5730.55    1.62631
100101    5735.7    1.71593
100201    5741.25    1.71776
100301    5747.17    1.50493
100401    5753.33    1.77644
100501    5758.69    1.68114
100601    5764.54    1.73775
100701    5770.57    1.69388
100801    5776.6    1.7453
100901    5783.12    2.19275
101001    5789.88    1.5896
101101    5796.54    1.67554
101201    5802.04    1.6472
101301    5806.47    1.68672
101401    5812.28    1.67863
101501    5818.05    1.63325
101601    5823.88    1.69074
101701    5829.36    1.65259
101801    5835.43    1.60773
101901    5841.91    1.76375
102001    5848.27    1.69571
102101    5854.45    1.66812
102201    5861.41    1.84811
102301    5867.25    1.95015
102401    5873.88    1.73445
102501    5880.86    1.96528
102601    5886.22    1.71115
102701    5892.54    1.82151
102801    5898.22    1.84136
102901    5904.73    1.672
103001    5909.91    1.61078
103101    5915.45    1.72863
103201    5921.4    1.68753
103301    5927.21    1.69913
103401    5931.91    2.39406
103501    5938.25    1.61511
103601    5945.12    1.74636
103701    5950.83    1.84434
103801    5956.59    1.70551
103901    5961.58    1.56621
104001    5967.52    1.7254
104101    5972.64    1.60022
104201    5979.82    1.57326
104301    5985.62    1.78662
104401    5991.88    1.76023
104501    5997.37    1.83933
104601    6003.37    1.62931
104701    6008.28    1.65454
104801    6014.08    1.71322
104901    6019.99    1.70053
105001    6025.79    1.66449
105101    6030.87    1.67367
105201    6036.96    1.88107
105301    6042.03    1.92404
105401    6048.08    2.05228
105501    6053.26    1.54479
105601    6060    1.63715
105701    6065.88    1.66462
105801    6071.26    1.61425
105901    6076.87    1.63094
106001    6082.35    1.63144
106101    6089.05    1.59588
106201    6094.78    1.7196
106301    6101.2    1.63703
106401    6107.56    1.641
106501    6113.03    1.65357
106601    6117.96    1.71449
106701    6124.26    1.68392
106801    6130    1.71849
106901    6135.69    1.63097
107001    6142.13    1.73283
107101    6147.84    1.68627
107201    6153.78    1.6397
107301    6159.05    1.77166
107401    6164.75    1.66559
107501    6171.08    1.69852
107601    6176.41    1.69518
107701    6182.47    1.72366
107801    6187.79    1.7362
107901    6192.41    2.44789
108001    6198.4    1.60053
108101    6203.97    1.71121
108201    6209.92    1.80753
108301    6216.16    1.8343
108401    6222.42    1.69833
108501    6228.43    1.74275
108601    6234.51    1.81022
108701    6240.74    1.69696
108801    6247.23    1.7315
108901    6253.71    1.98602
109001    6260.08    2.04842
109101    6266.28    1.65611
109201    6272.39    1.60937
109301    6277.45    1.75691
109401    6284.24    1.74528
109501    6289.84    1.60801
109601    6295.22    1.70031
109701    6300.88    1.72113
109801    6307.26    1.70062
109901    6312.55    1.66139
110001    6318.17    1.81779
110101    6323.97    1.78684
110201    6330.28    1.54296
110301    6336.41    1.69329
110401    6341.47    1.87803
110501    6348.16    1.71793
110601    6353.6    1.49797
110701    6359.19    1.52408
110801    6365.61    1.57118
110901    6372.38    1.66144
111001    6377.73    1.57174
111101    6382.84    1.5779
111201    6387.96    1.67021
111301    6392.92    1.63615
111401    6397.99    1.73206
111501    6403.36    1.60982
111601    6408.04    1.65069
111701    6412.66    1.6285
111801    6418.33    1.69146
111901    6424.03    1.72524
112001    6430.52    1.81779
112101    6436.17    1.6624
112201    6440.96    1.81746
112301    6446.7    1.55044
112401    6452.75    1.87217
112501    6458.74    1.66906
112601    6463.76    1.81733
112701    6469.6    1.69378
112801    6474.73    1.69011
112901    6479.73    1.67279
113001    6485.17    1.70029
113101    6490.83    1.71949
113201    6496.04    1.83206
113301    6501.82    1.83515
113401    6507.28    1.93559
113501    6512.28    2.63873
113601    6517.53    1.82855
113701    6522.75    1.85863
113801    6527.63    1.84046
113901    6532.82    1.60786
114001    6538.6    1.60931
114101    6543.27    1.57886
114201    6548.8    1.61087
114301    6554.34    1.72682
114401    6559.71    1.6437
114501    6565.26    1.69014
114601    6570.5    1.72721
114701    6575.82    1.67103
114801    6581.56    1.6719
114901    6587.66    1.72906
115001    6593.09    1.69897
115101    6599.8    1.64181
115201    6606.35    1.54284
115301    6611.63    1.60928
115401    6616.48    1.81312
115501    6621.76    1.782
115601    6626.7    1.88994
115701    6632.21    1.73693
115801    6637.97    1.64971
115901    6644.1    1.60013
116001    6649.66    1.6114
116101    6655.04    1.62419
116201    6661.38    1.60681
116301    6667.74    1.79317
116401    6672.94    1.77718
116501    6678.31    1.72211
116601    6684.32    1.92797
116701    6691.17    1.95171
116801    6697.23    1.79595
116901    6703.7    1.69923
117001    6710.34    1.55415
117101    6715.93    1.71996
117201    6722.21    1.8231
117301    6728.77    1.57693
117401    6734.53    1.74128
117501    6739.65    1.60477
117601    6744.62    1.56887
117701    6750.17    1.72815
117801    6756.22    1.7525
117901    6762.02    1.59671
118001    6768.4    1.72634
118101    6774.18    1.60823
118201    6779.13    1.63829
118301    6784.35    1.55381
118401    6789.34    1.69197
118501    6795.58    1.62285
118601    6801.29    1.6491
118701    6807.63    1.70688
118801    6812.72    1.787
118901    6819.9    1.68474
119001    6825.76    1.75529
119101    6832.04    1.88512
119201    6838.88    1.92032
119301    6843.42    1.9225
119401    6849.44    1.91184
119501    6856.27    1.84076
119601    6862.05    2.1793
119701    6868.62    1.67195
119801    6874.62    1.79806
119901    6880.15    1.60599
120001    6885.64    1.73261
120101    6892.26    1.72713
120201    6897.62    1.78192
120301    6903.89    1.56661
120401    6909.93    1.66709
120501    6914.76    1.67908
120601    6919.87    1.76837
120701    6925.44    1.62589
120801    6931.52    1.70749
120901    6937.76    1.79744
121001    6942.8    1.71941
121101    6948.82    1.83369
121201    6954    1.65681
121301    6959.99    1.76223
121401    6965.5    1.74458
121501    6970.25    1.77684
121601    6975.91    1.80342
121701    6981.93    2.05197
121801    6987.86    1.66554
121901    6992.99    1.63295
122001    6998.38    1.73756
122101    7003.37    1.6675
122201    7008.83    1.68839
122301    7015.26    1.6231
122401    7021.87    1.80109
122501    7027.98    1.71361
122601    7033.52    1.73887
122701    7038.98    1.78197
122801    7044.35    1.72697
122901    7050.49    1.71378
123001    7056.49    1.83048
123101    7062.67    1.73241
123201    7067.67    2.16262
123301    7073.52    2.16676
123401    7078.95    1.59129
123501    7084.14    1.61961
123601    7088.86    1.68355
123701    7094.44    1.75686
123801    7100.11    1.67102
123901    7106.44    1.80162
124001    7111.09    1.97732
124101    7117.22    1.79608
124201    7123.67    1.85424
124301    7128.88    1.67925
124401    7134.47    1.89802
124501    7139.89    1.98948
124601    7147.18    1.76299
124701    7153.29    1.84056
124801    7159.13    1.86684
124901    7166.34    1.71802
125001    7173.21    1.68956
125101    7180.4    1.75447
125201    7185.76    1.72728
125301    7192.22    2.48821
125401    7197.64    1.54577
125501    7203.8    1.59886
125601    7209.33    1.59279
125701    7214.07    1.59723
125801    7219.68    1.60002
125901    7224.74    1.64015
126001    7231.47    1.6586
126101    7237.67    1.5889
126201    7242.53    1.67323
126301    7248.64    1.73991
126401    7254.58    1.63303
126501    7261.23    1.70058
126601    7267.23    1.85732
126701    7272.73    1.8764
126801    7277.4    2.00653
126901    7283.67    1.9518
127001    7289.75    1.78333
127101    7295.57    1.65326
127201    7300.63    1.73472
127301    7305.43    1.75107
127401    7311.3    1.74513
127501    7316.72    1.91478
127601    7323.38    1.68946
127701    7329.09    1.6804
127801    7335.44    2.22878
127901    7341.27    1.75899
128001    7348.18    1.65818
128101    7354.67    1.60365
128201    7360.92    1.71465
128301    7367.74    1.67145
128401    7372.85    1.77214
128501    7378.66    1.69618
128601    7383.67    1.64562
128701    7390.67    1.69724
128801    7395.63    1.67447
128901    7401.79    1.6673
129001    7407.08    1.72225
129101    7412.71    1.66106
129201    7419.21    1.82391
129301    7425.27    1.81473
129401    7431.7    1.81365
129501    7437.16    1.624
129601    7443.08    1.46798
129701    7448.72    1.63857
129801    7453.73    1.60254
129901    7459.4    1.62637
130001    7464.57    1.58366
130101    7469.44    1.63913
130201    7475.64    1.74763
130301    7482.35    1.61398
130401    7487.1    1.68719
130501    7493.27    1.58223
130601    7499.21    1.68665
130701    7505.36    1.81757
130801    7511.39    1.8054
130901    7516.15    1.98817
131001    7522.42    1.78503
131101    7528.47    1.60523
131201    7532.8    1.70943
131301    7538.42    1.69331
131401    7543.9    1.70615
131501    7548.13    1.6703
131601    7553.6    1.79649
131701    7559.46    1.73531
131801    7565.56    1.73453
131901    7571.54    1.96685
132001    7577.55    1.60495
132101    7583.49    1.57261
132201    7589.92    1.68559
132301    7594.82    1.71953
132401    7600    1.67163
132501    7606.96    1.61559
132601    7612.16    1.6879
132701    7618.63    1.62266
132801    7623.47    1.47796
132901    7629.36    1.72344
133001    7635.85    1.75695
133101    7641.63    1.73379
133201    7647.52    1.68348
133301    7653.08    1.7979
133401    7658.7    1.84898
133501    7664.18    1.72069
133601    7670.05    1.69676
133701    7675.44    1.84534
133801    7680.15    2.50052
133901    7685.35    1.66161
134001    7691.27    1.74199
134101    7698.36    1.72582
134201    7703.91    1.69762
134301    7709.57    1.70927
134401    7714.62    1.68946
134501    7720.41    1.92436
134601    7726.96    1.5556
134701    7733.74    1.59433
134801    7739.42    1.5831
134901    7746.59    1.62704
135001    7751.93    1.65319
135101    7756.62    1.67315
135201    7762.11    1.66147
135301    7767.36    1.61625
135401    7774.21    1.63164
135501    7778.88    1.69777
135601    7783.62    1.61342
135701    7788.59    1.60046
135801    7794.07    1.65223
135901    7800.27    1.59202
136001    7806.5    1.66575
136101    7811.58    1.64978
136201    7817.27    1.83261
136301    7821.81    1.75944
136401    7827.22    1.74415
136501    7832.38    1.5247
136601    7837.8    1.6647
136701    7843.01    1.7459
136801    7848.22    1.70608
136901    7854.05    1.7569
137001    7860.24    1.72488
137101    7866.33    1.71788
137201    7871.43    1.74653
137301    7876.15    1.81188
137401    7881.59    1.61228
137501    7887.12    1.61585
137601    7893.23    1.71967
137701    7898.68    1.8521
137801    7904.41    1.85608
137901    7911.17    1.7447
138001    7916.61    1.73408
138101    7922.7    1.71375
138201    7928.56    1.71479
138301    7934.35    1.69862
138401    7939.94    1.88241
138501    7946.03    1.86005
138601    7952.91    1.79853
138701    7958.65    1.68526
138801    7965.72    1.93773
138901    7971.31    1.80776
139001    7976.87    2.07215
139101    7982.11    1.57508
139201    7987.73    1.56139
139301    7992.86    1.55454
139401    7998.03    1.57042
139501    8004.96    1.60227
139601    8010.19    1.55071
139701    8015.44    1.62971
139801    8022    1.6575
139901    8027.9    1.61003
140001    8034.04    1.61499
140101    8038.8    1.64768
140201    8044.01    1.65066
140301    8049.64    1.54101
140401    8054.57    1.6906
140501    8059.7    1.77915
140601    8065.59    1.72647
140701    8070.92    1.77455
140801    8075.85    1.6529
140901    8081.71    1.67026
141001    8086.8    1.79731
141101    8092.21    1.7112
141201    8099.09    1.6529
141301    8105.85    1.72138
141401    8112.04    1.70204
141501    8117.92    1.74557
141601    8123.06    1.59125
141701    8128.96    1.64311
141801    8134.87    1.66997
141901    8140.24    1.58702
142001    8145.85    1.63124
142101    8151.66    1.58318
142201    8157.68    1.73832
142301    8162.69    1.73365
142401    8168.04    1.55837
142501    8173.04    1.57031
142601    8179    1.49491
142701    8185.46    1.6018
142801    8191.79    1.722
142901    8198.1    1.7192
143001    8203.67    1.63534
143101    8210.36    1.59501
143201    8217.31    1.68494
143301    8223.04    1.83925
143401    8228.64    2.28935
143501    8234.33    1.75456
143601    8239.57    1.74413
143701    8245.13    1.84506
143801    8252.05    1.6293
143901    8258.26    1.50503
144001    8264.09    1.69628
144101    8269.68    1.73792
144201    8275.32    1.85446
144301    8279.96    1.99917
144401    8284.56    1.91075
144501    8290.19    1.75886
144601    8296.47    1.89984
144701    8302.19    1.89032
144801    8306.68    1.89582
144901    8312.16    1.73316
145001    8317.48    1.55871
145101    8322.62    1.69827
145201    8328.51    2.02384
145301    8333.34    1.65464
145401    8338.55    1.86468
145501    8344.67    1.85925
145601    8349.92    1.76221
145701    8355.77    1.69861
145801    8361.18    2.24676
145901    8366.03    1.71348
146001    8370.72    1.69573
146101    8376.26    1.84995
146201    8381.73    1.76727
146301    8387.08    1.7069
146401    8391.95    1.61349
146501    8396.97    1.63016
146601    8402.55    1.82185
146701    8407.76    1.72705
146801    8413.28    1.67216
146901    8418.26    1.83643
147001    8423.56    1.56474
147101    8429.16    1.71043
147201    8434.1    1.66917
147301    8439.38    2.65534
147401    8444.52    1.78745
147501    8449.35    1.77004
147601    8453.98    1.89462
147701    8458.81    1.65577
147801    8463.46    1.53514
147901    8468.87    1.55217
148001    8474.3    1.52904
148101    8479.23    1.67792
148201    8484.97    1.67553
148301    8489.89    1.78371
148401    8496.3    1.74996
148501    8501.31    1.62911
148601    8507.28    1.74884
148701    8513.4    1.87474
148801    8519.01    1.80998
148901    8524.28    1.60848
149001    8529.2    1.86891
149101    8534.34    1.66146
149201    8539.81    1.75964
149301    8544.64    1.7674
149401    8549.65    1.85055
149501    8554.5    1.75526
149601    8559.99    1.67117
149701    8565.9    1.97717
149801    8571.89    2.166
149901    8577.84    1.60465
150001    8582.2    1.63258
150101    8587.59    1.83567
150201    8591.81    1.78156
150301    8597.27    1.70003
150401    8603.16    1.66336
150501    8608.29    1.78861
150601    8613.75    1.70631
150701    8619.39    1.54143
150801    8624.4    1.80375
150901    8629.56    1.65198
151001    8635.99    1.5933
151101    8641.26    1.71643
151201    8646.15    1.64948
151301    8652    1.73334
151401    8657.56    1.75133
151501    8662.65    1.6382
151601    8667.69    1.69009
151701    8672.2    1.72292
151801    8677.51    1.64074
151901    8683.02    1.62991
152001    8688.69    1.60785
152101    8693.72    1.63709
152201    8699.06    1.54971
152301    8704.28    1.58654
152401    8709.12    1.60045
152501    8715.24    1.47718
152601    8719.93    1.69055
152701    8725.65    1.79256
152801    8730.91    1.58348
152901    8735.71    1.69609
153001    8741.06    1.66026
153101    8746.69    1.82177
153201    8752.73    2.28769
153301    8758.27    1.9172
153401    8763.5    1.76735
153501    8768.71    1.67655
153601    8775.17    1.54763
153701    8781.56    1.62636
153801    8787.21    1.6855
153901    8792.36    1.68488
154001    8797.94    1.89916
154101    8803.34    1.55765
154201    8808.44    1.5631
154301    8813.64    1.60268
154401    8818.79    1.61141
154501    8824.52    1.74561
154601    8830.07    1.6736
154701    8836.02    1.59403
154801    8841.41    1.6095
154901    8846.07    1.80707
155001    8851.53    1.72794
155101    8856.39    1.72468
155201    8862.04    1.66566
155301    8866.78    1.67593
155401    8872.87    1.49424
155501    8878.33    1.78825
155601    8882.86    1.73265
155701    8887.74    1.57302
155801    8893.62    1.70164
155901    8899.84    1.71893
156001    8904.73    1.5997
156101    8910.61    1.80598
156201    8916.33    1.66969
156301    8921.52    1.57542
156401    8926.94    1.80558
156501    8932.21    1.69594
156601    8937.74    1.70246
156701    8942.93    1.76902
156801    8948.61    2.53567
156901    8953.41    1.70002
157001    8959.09    1.71582
157101    8963.59    1.71337
157201    8969.41    1.64425
157301    8975.78    1.60757
157401    8980.93    1.67459
157501    8986.14    1.52829
157601    8991.47    1.53119
157701    8997.47    1.9026
157801    9002.62    1.68824
157901    9007.58    1.55484
158001    9013.62    1.59726
158101    9019.5    1.632
158201    9024.61    1.59444
158301    9030.08    1.50292
158401    9035.58    1.72418
158501    9041.34    1.62583
158601    9047.2    1.70226
158701    9051.59    1.69562
158801    9056.75    1.94001
158901    9061.97    1.61694
159001    9067.09    1.61537
159101    9072.11    1.76611
159201    9077.64    1.75514
159301    9083.29    1.64077
159401    9087.92    1.79519
159501    9093.49    2.62194
159601    9099.45    1.64826
159701    9105.13    1.58195
159801    9110.68    1.50224
159901    9116.1    1.48437
160001    9121.33    1.53255
160101    9126.63    1.60109
160201    9131.88    1.76847
160301    9137.25    1.61689
160401    9141.76    1.71888
160501    9146.74    1.68146
160601    9152.46    1.79611
160701    9157.76    1.65749
160801    9162.95    1.63819
160901    9168.62    1.76029
161001    9173.02    1.74457
161101    9177.37    1.65787
161201    9183.19    1.61402
161301    9187.55    1.61841
161401    9192.35    1.48739
161501    9198.42    1.72107
161601    9203.95    1.73654
161701    9208.62    1.96985
161801    9213.99    1.67886
161901    9218.38    1.58098
162001    9224.44    1.87794
162101    9229.05    1.70092
162201    9233.05    1.83244
162301    9238.19    1.80703
162401    9243.28    1.5852
162501    9248.64    1.5429
162601    9254.02    1.62431
162701    9259.78    1.67692
162801    9265.46    1.62444
162901    9270.23    1.63747
163001    9275.32    1.58993
163101    9280.58    1.58767
163201    9284.91    1.59777
163301    9289.43    1.56357
163401    9293.84    1.64175
163501    9298.82    1.68199
163601    9304.44    1.73325
163701    9309.36    1.71604
163801    9314.5    1.62192
163901    9320.32    1.7277
164001    9325.43    1.7913
164101    9330.64    1.75828
164201    9335.33    1.96538
164301    9340.91    1.64681
164401    9347.02    1.73762
164501    9352.12    1.662
164601    9356.94    1.68076
164701    9361.93    1.55759
164801    9367.27    1.70572
164901    9371.83    1.68916
165001    9377.07    1.52385
165101    9381.93    1.6984
165201    9386.94    1.59299
165301    9391.59    1.70309
165401    9396.98    1.52768
165501    9401.72    1.55217
165601    9407.52    1.70719
165701    9413.11    1.64157
165801    9418.7    1.74554
165901    9423.78    1.82176
166001    9429.07    1.72128
166101    9433.74    1.68177
166201    9438.86    1.76256
166301    9444.5    1.7362
166401    9448.84    1.81476
166501    9454.03    1.76956
166601    9459.28    1.78577
166701    9463.9    1.76174
166801    9470.01    1.80507
166901    9474.88    1.94105
167001    9479.85    1.59868
167101    9484.68    1.68898
167201    9489.75    1.63024
167301    9494.76    1.58404
167401    9500.66    1.71378
167501    9505.79    1.61202
167601    9510.73    1.58835
167701    9515.24    1.54558
167801    9520.51    1.5245
167901    9525.91    1.64908
168001    9530.92    1.58557
168101    9535.65    1.64914
168201    9541.21    1.71677
168301    9547.16    1.60051
168401    9552.87    1.62705
168501    9558.52    1.65232
168601    9562.89    2.34329
168701    9567.79    1.50878
168801    9573.26    1.53352
168901    9578.81    1.57289
169001    9583.53    1.47693
169101    9589.03    1.5886
169201    9594.26    1.58265
169301    9598.85    1.5392
169401    9603.44    1.59614
169501    9607.55    1.62921
169601    9612.76    1.60608
169701    9618.28    1.6081
169801    9623.23    1.55741
169901    9628.56    1.5988
170001    9633.97    1.73422
170101    9638.97    1.60906
170201    9645    1.67539
170301    9649.59    1.56533
170401    9653.23    1.65438
170501    9657.3    1.62144
170601    9662.14    1.69156
170701    9665.94    1.71839
170801    9670.52    1.90099
170901    9674.49    1.80247
171001    9678.64    1.62248
171101    9682.59    1.71412
171201    9686.82    2.59777
171301    9690.98    1.46761
171401    9695.43    1.51938
171501    9700.03    1.53359
171601    9704.57    1.49162
171701    9709.1    1.55813
171801    9713.79    1.59306
171901    9719.54    1.53088
172001    9724.21    1.66733
172101    9728.72    1.69485
172201    9732.47    1.6722
172301    9736.6    1.57549
172401    9740.84    1.59821
172501    9745.23    1.59507
172601    9749.18    1.61043
172701    9753.54    1.65503
172801    9758.23    1.7639
172901    9762.52    1.74111
173001    9767.37    1.67044
173101    9771.72    1.60445
173201    9775.52    2.1625
173301    9779.59    1.62438
173401    9783.74    1.72375
173501    9788.62    1.49371
173601    9792.96    1.60155
173701    9797.29    1.70772
173801    9801.73    1.60813
173901    9805.69    2.29016
174001    9809.54    1.75112
174101    9814.1    2.03375
174201    9818.68    1.68505
174301    9822.85    1.69463
174401    9826.81    1.69437
174501    9831.32    1.80452
174601    9835.04    1.68201
174701    9839.14    1.66453
174801    9843.9    1.62525
174901    9847.75    2.04848
175001    9852.38    1.50176
175101    9857.06    1.50795
175201    9860.83    1.51516
175301    9865.08    1.52787
175401    9868.93    1.51325
175501    9873.56    1.57804
175601    9877.33    1.56507
175701    9881.95    1.5622
175801    9885.91    1.67414
175901    9890.19    1.68304
176001    9894.72    1.57972
176101    9898.4    1.67029
176201    9902.67    1.71159
176301    9907.51    1.65821
176401    9912.39    1.70525
176501    9916.2    1.70069
176601    9921.06    1.7572
176701    9925.51    1.72028
176801    9930.13    1.68829
176901    9934.78    1.60577
177001    9939.63    1.5325
177101    9944.16    1.61256
177201    9947.84    1.57867
177301    9952.46    1.5997
177401    9956.58    1.69908
177501    9961.27    1.55664
177601    9965.68    1.6138
177701    9969.29    1.67611
177801    9973.71    1.68835
177901    9977.61    2.03612
178001    9982.25    1.67291
178101    9986.25    1.78879
178201    9990.36    1.65095
178301    9994.04    1.60088
178401    9998.04    1.65417
178501    10002.4    1.63647
178601    10006.9    1.51604
178701    10011    1.66649
178801    10016.1    1.51138
178901    10020.7    1.67686
179001    10025    1.59925
179101    10030    1.64157
179201    10034.6    1.80807
179301    10039.1    1.86561
179401    10043.1    1.78836
179501    10046.8    1.69612
179601    10051.5    1.65726
179701    10056    1.58053
179801    10060.4    1.63267
179901    10064.5    1.50085
180001    10068.1    1.71939
180101    10072.7    1.66521
180201    10077.3    1.61066
180301    10081.8    1.50931
180401    10085.7    1.70371
180501    10089.3    1.70913
180601    10093.5    1.6435
180701    10097.6    1.63945
180801    10102.2    2.08916
180901    10107    1.62562
181001    10111.5    1.55365
181101    10116    1.6275
181201    10119.7    1.64093
181301    10124.6    1.65554
181401    10129.1    1.60316
181501    10133.6    1.47896
181601    10138.4    1.48863
181701    10143    1.54734
181801    10147.8    1.60375
181901    10152.7    1.56145
182001    10157.1    1.57288
182101    10161.4    1.65557
182201    10165.1    1.56909
182301    10169.1    1.54451
182401    10173.4    1.5632
182501    10178    1.50586
182601    10182.7    1.65352
182701    10187.1    1.55026
182801    10190.5    1.58984
182901    10194.3    1.67942
183001    10198.3    1.70835
183101    10202.6    1.50485
183201    10207.2    1.60099
183301    10212    1.56288
183401    10215.9    1.67676
183501    10220.3    1.61183
183601    10224.8    1.60236
183701    10229.4    1.7546
183801    10234    1.86132
183901    10238.4    1.76273
184001    10243.3    1.59393
184101    10248.1    1.69494
184201    10251.8    1.70904
184301    10256.2    1.70056
184401    10260.1    1.78645
184501    10264    1.96136
184601    10268.6    1.55742
184701    10273.1    1.51033
184801    10277    1.55165
184901    10281.3    1.58587
185001    10285    1.63394
185101    10288.6    1.69845
185201    10292.9    1.59876
185301    10297    1.6245
185401    10302.1    1.55329
185501    10306.4    1.58078
185601    10311.4    1.59851
185701    10315.8    1.57494
185801    10319.8    1.64088
185901    10324.8    1.58258
186001    10329.3    1.60969
186101    10334    1.47342
186201    10338.6    1.49358
186301    10342.5    1.77816
186401    10346.7    1.71736
186501    10351.6    1.65476
186601    10356.7    1.78523
186701    10361.2    1.966
186801    10365.5    1.77982
186901    10369.2    1.85824
187001    10372.6    1.70701
187101    10376.8    1.72596
187201    10381.4    1.76177
187301    10385.6    1.83884
187401    10389.9    1.64196
187501    10394.7    1.64206
187601    10399.6    1.64292
187701    10403.6    1.77699
187801    10407.8    1.72393
187901    10412.4    1.63905
188001    10416.5    1.69257
188101    10420.7    1.55642
188201    10425.5    1.68059
188301    10429.6    1.51789
188401    10433.9    1.69436
188501    10438.7    1.59553
188601    10443.2    1.64297
188701    10447.8    1.88009
188801    10451.9    1.64695
188901    10456.2    1.5385
189001    10460.1    1.66181
189101    10464.5    1.59845
189201    10469.1    1.56947
189301    10473.5    1.71559
189401    10478.3    1.62096
189501    10482.8    1.66491
189601    10486.8    1.71198
189701    10491.3    1.66434
189801    10496    1.79899
189901    10500.7    1.68246
190001    10504.7    1.51283
190101    10509.2    1.75798
190201    10514.1    1.54817
190301    10518.5    1.57639
190401    10522.5    1.62987
190501    10526.5    1.50469
190601    10530.4    1.62841
190701    10535    1.50888
190801    10539.7    1.67498
190901    10544.4    1.72741
191001    10548.2    1.58228
191101    10552.9    1.5742
191201    10556.5    1.63849
191301    10561    1.4817
191401    10565.8    1.56465
191501    10570.2    2.59787
191601    10574.1    1.51838
191701    10578.6    1.59687
191801    10583    1.54581
191901    10587.6    1.50544
192001    10592.1    1.56409
192101    10596.7    1.50321
192201    10600.6    1.60131
192301    10604.3    1.59746
192401    10607.9    1.56235
192501    10611.7    1.58459
192601    10615.9    1.58099
192701    10620.5    1.58275
192801    10624.2    1.59666
192901    10628.2    1.63081
193001    10633    1.58205
193101    10636.7    1.58116
193201    10641    1.6493
193301    10645.8    1.61833
193401    10650.4    1.64402
193501    10654.5    1.676
193601    10659.2    1.6786
193701    10663.7    1.58583
193801    10667.9    1.72701
193901    10672.5    1.61547
194001    10676.5    1.67632
194101    10680.5    1.76314
194201    10684.8    1.70419
194301    10688.6    1.63796
194401    10692.3    1.81006
194501    10696    1.65645
194601    10699.9    1.65166
194701    10704.5    1.72818
194801    10708.3    1.68034
194901    10712.6    1.82041
195001    10716.7    1.62336
195101    10720.5    1.64489
195201    10725.8    1.54898
195301    10729.7    1.69119
195401    10734    1.48287
195501    10738.5    1.78411
195601    10742.3    1.77171
195701    10746.3    1.54064
195801    10750.9    1.6276
195901    10755.2    1.7
196001    10759.4    1.79584
196101    10763.7    1.76116
196201    10767.9    1.64291
196301    10772.1    1.51452
196401    10776.5    1.67674
196501    10781.1    1.77894
196601    10785.3    1.66531
196701    10789.5    1.80561
196801    10794.3    1.65101
196901    10798.8    1.60796
197001    10803.4    1.57212
197101    10807.2    1.69092
197201    10811.5    2.32725
197301    10815.9    1.41768
197401    10820.2    1.53517
197501    10824.3    1.46619
197601    10828.2    1.51406
197701    10832.6    1.49755
197801    10836.8    1.52017
197901    10840.7    1.57177
198001    10845.1    1.57031
