1    2.65421    2.55456
101    9.99424    2.53787
201    17.58    2.7
301    24.3958    3.04851
401    31.572    3.02362
501    38.2894    2.94577
601    45.2936    2.5479
701    52.8794    2.84798
801    59.5149    2.94337
901    66.9696    2.46077
1001    73.0153    2.76651
1101    79.3887    3.03483
1201    86.0078    2.98834
1301    93.0365    2.46865
1401    99.2461    2.86901
1501    105.865    2.58947
1601    112.345    2.79562
1701    118.89    2.64982
1801    125.411    2.773
1901    131.432    2.90719
2001    138.011    2.75079
2101    144.605    2.59705
2201    150.52    2.69083
2301    156.885    2.50525
2401    163.496    2.80879
2501    169.959    2.50493
2601    176.955    2.80736
2701    183.96    2.61629
2801    190.996    2.56909
2901    196.813    2.55364
3001    203.194    2.79928
3101    209.494    2.76702
3201    216.056    2.65047
3301    222.601    2.68116
3401    229.515    2.61973
3501    236.323    2.51624
3601    243.057    2.76597
3701    249.414    2.86062
3801    255.721    2.49636
3901    261.89    2.60671
4001    268.599    2.6453
4101    275.12    2.54464
4201    281.256    2.96918
4301    288.113    2.56878
4401    294.437    2.77351
4501    300.319    2.35941
4601    306.799    2.58007
4701    313.016    2.57137
4801    319.316    2.56239
4901    325.984    2.51101
5001    332.218    2.67995
5101    338.412    2.99754
5201    344.179    2.40272
5301    350.511    2.61485
5401    357.024    2.56813
5501    363.504    2.57926
5601    370.131    2.59607
5701    376.652    2.34861
5801    383.345    2.80414
5901    390.185    2.56966
6001    396.558    2.35536
6101    402.637    2.40189
6201    409.575    2.48018
6301    417.079    2.54825
6401    424.321    2.71486
6501    431.481    2.41802
6601    438.534    2.25751
6701    446.022    2.57139
6801    452.411    2.3339
6901    460.456    2.537
7001    469.09    2.3193
7101    477.094    2.24892
7201    483.459    2.50585
7301    489.677    2.3464
7401    496.345    2.43484
7501    502.866    2.38811
7601    509.526    2.29243
7701    515.744    2.30632
7801    522.543    2.43058
7901    529.252    2.36264
8001    536.06    2.39082
8101    543.212    2.36872
8201    549.986    2.20907
8301    556.597    2.28301
8401    563.519    2.28742
8501    570.081    2.25554
8601    576.971    2.50229
8701    583.573    2.29621
8801    590.357    2.56285
8901    598.106    2.5994
9001    604.479    2.62634
9101    610.853    2.46485
9201    616.956    2.35798
9301    624.198    2.29238
9401    630.727    2.27184
9501    637.288    2.47585
9601    643.088    2.30871
9701    649.994    2.16624
9801    657.031    2.21281
9901    662.88    2.16604
10001    669.245    2.26625
