1    2.34291    2.40322
101    7.24992    2.66457
201    13.2547    2.51893
301    18.7146    2.6318
401    24.0681    2.76072
501    29.2987    2.71419
601    34.9143    2.71756
701    41.2017    2.55115
801    46.7026    2.80688
901    51.7734    2.46836
1001    56.8197    2.95482
1101    62.7384    2.69917
1201    68.1861    2.43144
1301    73.5027    2.79023
1401    79.0118    2.86122
1501    84.5251    2.91616
1601    89.4239    2.68101
1701    94.9535    2.86504
1801    100.233    2.36651
1901    106.283    2.62006
2001    112.374    2.72159
2101    118.084    2.53831
2201    123.679    2.84091
2301    128.705    2.81091
2401    133.906    2.81768
2501    139.756    2.81906
2601    145.691    2.71169
2701    150.913    2.84574
2801    156.602    2.43408
2901    162.689    2.5452
3001    168.6    2.57211
3101    174.33    2.60956
3201    180.06    2.39941
3301    185.999    2.55066
3401    192.258    2.57085
3501    196.887    2.55084
3601    201.933    2.81537
3701    207.847    2.57874
3801    213.5    2.46813
3901    219.296    2.27125
4001    224.748    2.9126
4101    230.445    2.55723
4201    235.663    2.50273
4301    240.71    2.40624
4401    246.075    2.33842
4501    251.236    2.32289
4601    257.073    2.36529
4701    262.517    2.43943
4801    268.554    2.26079
4901    273.498    2.50085
5001    278.422    2.45206
5101    283.726    2.42191
5201    288.85    2.42787
5301    294.097    2.51025
5401    299.966    2.26322
5501    305.648    2.5356
5601    310.776    2.76045
5701    316.289    2.42048
5801    322.048    2.32369
5901    327.786    2.27105
6001    333.865    2.2726
6101    339.337    2.31037
6201    344.818    2.3197
6301    350.11    2.24291
6401    355.934    2.29267
6501    361.677    2.15745
6601    367.423    2.24686
6701    372.642    2.26676
6801    378.102    2.33718
6901    383.496    2.13129
7001    388.44    2.30279
7101    393.847    2.25522
7201    399.11    2.1434
7301    404.787    2.32847
7401    410.034    2.35729
7501    415.592    2.05455
7601    420.499    2.28086
7701    425.554    2.07419
7801    430.596    2.25804
7901    436.056    2.3586
8001    441.311    2.29196
8101    446.362    2.53835
8201    452.461    2.07293
8301    458.011    2.08908
8401    463.434    2.14346
8501    469.488    2.072
8601    475.12    2.21378
8701    480.358    2.00909
8801    486.306    2.03096
8901    491.626    2.10646
9001    496.771    2.2827
9101    502.948    2.17618
9201    508.359    2.03349
9301    514.122    2.0911
9401    520.012    2.08731
9501    525.857    2.10667
9601    531.366    2.08031
9701    536.801    2.12013
9801    542.241    2.17502
9901    548.184    2.10216
10001    553.664    2.09916
10101    559.079    2.11913
10201    565.215    2.11127
10301    570.503    2.11018
10401    576.356    2.1041
10501    581.521    1.93931
10601    587.563    2.17979
10701    592.72    1.93235
10801    598.524    2.04756
10901    604.447    2.14742
11001    610.304    2.07748
11101    615.76    2.05663
11201    621.085    2.06821
11301    626.373    2.00517
11401    631.849    2.0606
11501    637.899    2.10929
11601    643.109    2.11285
11701    649.236    1.99656
11801    654.881    2.26716
11901    660.308    1.94738
12001    665.883    1.95625
12101    671.318    2.09684
12201    677.085    2.15781
12301    682.734    2.04395
12401    687.567    1.98344
12501    692.675    2.23888
12601    698.61    1.90924
12701    704.61    2.04133
12801    710.283    2.03151
12901    715.948    2.13151
13001    722.059    2.08811
13101    727.716    1.90185
13201    733.434    2.02318
13301    739.295    1.92954
13401    745.636    2.13891
13501    751.075    2.03775
13601    756.167    2.0894
13701    761.582    1.97576
13801    767.291    1.97642
13901    772.714    1.96645
14001    777.609    1.91661
14101    783.245    1.92152
14201    788.963    2.08066
14301    794.681    2.09475
14401    800.711    2.03072
14501    806.646    1.95822
14601    811.954    2.1215
14701    817.304    2.11901
14801    822.981    1.87854
14901    829.387    1.93528
15001    835.498    1.98284
15101    840.958    1.98774
15201    846.139    2.11155
15301    852.038    1.90029
15401    857.805    1.92802
15501    863.871    2.03289
15601    869.593    2.05767
15701    875.356    1.94177
15801    881.017    1.94618
15901    886.104    1.9756
16001    891.642    2.05145
16101    897.389    1.898
16201    903.479    2.00009
16301    909.083    1.94605
16401    914.145    2.00628
16501    919.679    1.97746
16601    924.672    2.02117
16701    930.259    2.06633
16801    935.256    1.94446
16901    940.737    1.92731
17001    945.979    1.91559
17101    951.157    1.97082
17201    956.69    1.8287
17301    961.909    1.99367
17401    967.623    2.00335
17501    973.615    2.16528
17601    979.399    2.60006
17701    985.309    1.99203
17801    990.867    2.02297
17901    996.159    1.87414
18001    1001.63    1.94623
18101    1007.01    1.9793
18201    1012.4    2.08187
18301    1018.04    2.07903
18401    1022.83    1.81012
18501    1028.63    1.96527
18601    1034.4    2.01048
18701    1040.39    1.88329
18801    1045.7    1.92496
18901    1051.1    2.14362
19001    1056.78    1.99255
19101    1062.74    1.90437
19201    1068.18    1.81086
19301    1073.57    1.95386
19401    1078.61    2.05603
19501    1083.98    1.98464
19601    1089.47    1.92454
19701    1095.03    1.91881
19801    1100.43    1.94233
19901    1106.02    1.96976
20001    1111.54    1.89504
20101    1117.34    2.02794
20201    1122.85    1.93971
20301    1128.6    1.89938
20401    1134.21    1.93389
20501    1139.76    2.00544
20601    1145.26    1.88218
20701    1150.82    1.9964
20801    1156.76    2.44875
20901    1162.3    1.90705
21001    1167.5    1.94322
21101    1172.77    1.95404
21201    1178.1    2.03538
21301    1183.93    1.83759
21401    1189.5    1.90461
21501    1195.67    1.856
21601    1201.43    1.80825
21701    1206.67    1.86406
21801    1212.29    1.92453
21901    1218.03    1.91686
22001    1223.72    1.93437
22101    1229.13    2.02551
22201    1234.5    1.99995
22301    1239.86    2.00106
22401    1245.65    2.09786
22501    1250.73    1.93593
22601    1256.39    1.96409
22701    1262.02    1.81555
22801    1267.92    1.89117
22901    1273.72    1.92705
23001    1279.2    1.88466
23101    1284.8    1.76644
23201    1290.19    1.89151
23301    1295.89    2.33737
23401    1301.77    2.07034
23501    1307.76    1.79601
23601    1313.42    1.85101
23701    1319.08    1.84156
23801    1325.23    1.94538
23901    1330.89    1.86886
24001    1337.11    1.83705
24101    1342.81    1.99459
24201    1348.41    1.86836
24301    1353.71    1.88182
24401    1360.06    1.81718
24501    1366.26    1.91216
24601    1371.47    1.91442
24701    1376.96    2.06889
24801    1382.81    2.21023
24901    1388.73    1.80995
25001    1394.81    1.95044
25101    1399.82    1.87463
25201    1404.97    1.86802
25301    1410.6    1.98249
25401    1416    1.94481
25501    1421.74    1.86333
25601    1427.18    1.89463
25701    1432.4    1.98289
25801    1437.78    1.87267
25901    1443.93    1.9093
26001    1449.46    2.07737
26101    1454.93    1.92771
26201    1460.32    1.86402
26301    1465.52    1.86955
26401    1470.55    1.98782
26501    1476.09    1.95107
26601    1481.86    2.05267
26701    1487.72    2.03036
26801    1493.2    1.9229
26901    1498.85    1.9591
27001    1504.34    2.15868
27101    1509.64    1.85679
27201    1515.75    1.81076
27301    1522.21    1.91716
27401    1527.2    1.93061
27501    1532.96    2.05126
27601    1538.63    2.0308
27701    1543.89    1.93904
27801    1550.13    1.79013
27901    1555.46    1.94317
28001    1560.93    1.9966
28101    1566.31    1.91501
28201    1571.55    1.8407
28301    1577.62    1.87363
28401    1583.33    2.07967
28501    1588.61    2.0186
28601    1594.25    1.84016
28701    1599.84    1.90517
28801    1605.58    1.98004
28901    1611.45    1.85052
29001    1617.54    1.86434
29101    1623.29    1.95705
29201    1628.59    1.97226
29301    1633.42    1.99668
29401    1639.07    1.8643
29501    1643.99    1.74175
29601    1649.52    1.84592
29701    1654.98    2.01836
29801    1660.19    1.94774
29901    1666.51    1.93045
30001    1672.36    1.87545
30101    1678.27    1.97819
30201    1684.25    1.95377
30301    1689.93    1.84188
30401    1696.47    1.90108
30501    1702.23    1.93742
30601    1707.77    1.81493
30701    1714.02    1.79596
30801    1719.57    1.98712
30901    1725.17    1.8428
31001    1731.4    1.84322
31101    1736.41    1.87501
31201    1741.52    1.75631
31301    1746.9    1.78448
31401    1753.14    2.44251
31501    1758.82    1.99391
31601    1764.68    2.05562
31701    1770.67    1.85783
31801    1776.27    1.87591
31901    1781.28    2.0235
32001    1787.36    2.00826
32101    1792.64    1.93953
32201    1797.98    1.93223
32301    1803.26    1.94538
32401    1808.77    1.92532
32501    1814.35    1.87661
32601    1820.59    1.93602
32701    1826.19    1.93027
32801    1831.06    1.91456
32901    1836.37    1.98582
33001    1841.93    1.98916
33101    1847.58    1.90125
33201    1853.32    1.79655
33301    1859.25    1.82274
33401    1865.37    1.89774
33501    1870.92    1.8466
33601    1876.59    1.88768
33701    1882.19    1.96507
33801    1888.05    1.90662
33901    1893.38    2.24775
34001    1899.11    2.12288
34101    1904.27    1.86138
34201    1910    1.85679
34301    1915.92    1.89832
34401    1921.53    1.86695
34501    1926.79    1.90648
34601    1932.4    1.8153
34701    1937.58    1.81434
34801    1943.52    1.78958
34901    1949.27    2.00041
35001    1955.36    1.92418
35101    1960.46    2.25812
35201    1966.2    1.89539
35301    1971.72    2.0806
35401    1977.16    1.86907
35501    1982.45    1.88993
35601    1987.78    1.85145
35701    1993.42    1.85432
35801    1998.8    1.83559
35901    2004.4    1.80138
36001    2010.39    1.80763
36101    2016.15    1.82085
36201    2021.77    1.82453
36301    2028.01    1.69284
36401    2034.32    1.93406
36501    2040.57    1.95378
36601    2046.22    1.87723
36701    2051.98    2.28323
36801    2057.24    1.94588
36901    2062.54    1.80608
37001    2068.25    1.8664
37101    2074.36    1.92745
37201    2079.6    1.88899
37301    2085.05    1.79171
37401    2091.23    1.803
37501    2097.7    1.75898
37601    2103.5    1.88567
37701    2109.07    1.80444
37801    2114.36    1.81339
37901    2120.1    1.83698
38001    2126.47    1.8904
38101    2131.73    2.03802
38201    2136.96    1.98704
38301    2142.59    1.81417
38401    2148.42    1.79858
38501    2154.16    1.90967
38601    2159.94    1.99344
38701    2165.24    2.00393
38801    2171.45    1.90422
38901    2177.79    2.0001
39001    2183.51    1.86175
39101    2189.26    1.72365
39201    2194.74    1.83859
39301    2199.63    2.06092
39401    2205.28    1.88915
39501    2210.46    1.94931
39601    2215.41    1.97687
39701    2220.68    1.81166
39801    2225.95    1.85345
39901    2230.8    1.9377
40001    2235.89    1.99713
40101    2242.56    2.04284
40201    2247.86    1.9318
40301    2253.34    2.11173
40401    2258.42    1.85989
40501    2263.59    1.86109
40601    2268.82    1.90516
40701    2274.2    1.94747
40801    2279.66    2.60889
40901    2285.28    2.12285
41001    2291.3    1.92263
41101    2297.21    1.91802
41201    2303.18    2.09029
41301    2308.84    1.8161
41401    2313.89    1.98174
41501    2319.03    1.86542
41601    2324.23    2.09311
41701    2330.28    1.88394
41801    2335.34    1.84028
41901    2340.45    1.86307
42001    2346.79    1.81752
42101    2352.84    1.95476
42201    2358.94    1.79123
42301    2364.78    2.03472
42401    2370.49    2.1385
42501    2376.45    1.96957
42601    2381.79    1.76219
42701    2387.08    1.72904
42801    2392.78    2.02018
42901    2398.13    1.94727
43001    2403.37    1.86816
43101    2409.25    1.89037
43201    2414.04    1.8515
43301    2419.95    1.82911
43401    2425.54    2.16165
43501    2431.14    1.79532
43601    2437.29    1.95271
43701    2442.83    1.96691
43801    2448.53    1.87968
43901    2453.44    1.75781
44001    2459.06    1.94614
44101    2464.81    1.95737
44201    2470.72    1.8542
44301    2475.43    1.76142
44401    2480.73    1.90924
44501    2486.43    1.82524
44601    2492.21    1.8856
44701    2497.74    1.93609
44801    2503.76    1.83762
44901    2509.18    1.76066
45001    2515.16    1.88089
45101    2520.72    1.89543
45201    2526.84    1.88354
45301    2532.45    1.82193
45401    2537.53    1.74366
45501    2543.5    1.95107
45601    2549.08    1.89665
45701    2554.9    1.84921
45801    2560.63    1.97709
45901    2565.93    1.8853
46001    2571.42    1.74264
46101    2577.51    1.90412
46201    2582.66    2.06007
46301    2587.98    1.88239
46401    2594.23    1.78066
46501    2599.48    1.82003
46601    2604.41    1.69117
46701    2609.52    1.92385
46801    2615.27    1.8368
46901    2621.36    1.81568
47001    2627.19    1.68563
47101    2632.93    1.90156
47201    2638.23    1.88088
47301    2643.12    1.78976
47401    2648.52    1.80547
47501    2653.5    1.97869
47601    2659.25    1.90552
47701    2664.44    1.72223
47801    2669.79    1.8081
47901    2675.42    1.74888
48001    2680.78    1.81784
48101    2687.05    1.76307
48201    2692.33    1.75748
48301    2697.99    1.78051
48401    2703.63    1.7996
48501    2709.31    1.79336
48601    2714.2    1.82511
48701    2719.23    1.91394
48801    2725.15    1.85759
48901    2729.93    2.25175
49001    2736.05    1.81597
49101    2741.71    1.72158
49201    2747.18    1.79318
49301    2752.93    1.76465
49401    2758.64    1.75715
49501    2764.17    1.84636
49601    2769.85    1.82013
49701    2775.67    1.77725
49801    2781.43    1.76244
49901    2787.38    1.83872
50001    2793.32    1.90333
50101    2799.64    1.93501
50201    2804.9    1.7665
50301    2809.9    1.84003
50401    2815.73    1.8742
50501    2820.87    1.84307
50601    2825.83    1.75911
50701    2831.42    1.89012
50801    2837.54    1.93612
50901    2843.06    1.91395
51001    2848.51    1.94086
51101    2854.21    2.0061
51201    2859.6    2.00243
51301    2866.59    1.97061
51401    2871.82    1.86097
51501    2877.43    1.84638
51601    2883.79    1.87862
51701    2889.83    1.8456
51801    2895.27    1.87876
51901    2900.99    1.83241
52001    2906.25    1.88669
52101    2912.36    1.79356
52201    2917.79    1.74993
52301    2923.41    1.862
52401    2929.48    1.88377
52501    2935.26    1.88739
52601    2940.51    1.79435
52701    2946.55    1.93177
52801    2952.66    1.81417
52901    2957.98    1.79994
53001    2963.34    1.87831
53101    2968.29    1.87987
53201    2973.81    1.83475
53301    2979.23    1.91222
53401    2984.71    1.97139
53501    2990.01    1.96136
53601    2996.09    1.82821
53701    3001.67    1.79612
53801    3007.52    1.92544
53901    3013.12    1.83781
54001    3018.67    1.93523
54101    3024.34    1.8941
54201    3029.54    1.77245
54301    3034.81    1.77127
54401    3040.03    1.81126
54501    3045.84    1.7648
54601    3051.23    1.80546
54701    3056.12    1.90636
54801    3061.37    1.78929
54901    3066.7    1.80414
55001    3071.77    1.85613
55101    3077.36    2.0098
55201    3082.9    1.78857
55301    3088.25    1.79487
55401    3093.04    1.69483
55501    3098.25    1.82493
55601    3103.42    1.9896
55701    3109.32    2.02824
55801    3114.27    1.8494
55901    3119.95    1.94704
56001    3125.72    2.29703
56101    3130.75    1.78846
56201    3136.06    1.76864
56301    3141.38    1.98107
56401    3146.64    2.01147
56501    3151.59    1.83179
56601    3157.05    1.88937
56701    3163.01    1.98279
56801    3168.46    1.80723
56901    3174.04    1.73117
57001    3179.26    1.72597
57101    3184.89    2.02176
57201    3189.85    1.76383
57301    3195.58    1.82033
57401    3201.46    1.74225
57501    3207.32    1.88782
57601    3213.49    1.94086
57701    3219.6    1.80185
57801    3224.79    1.90295
57901    3230.32    1.87542
58001    3236.21    1.81814
58101    3241.75    1.83785
58201    3247.49    1.92468
58301    3252.56    1.95419
58401    3258.11    1.98153
58501    3264.14    2.09363
58601    3268.85    2.06654
58701    3274.54    1.80501
58801    3280.28    1.7914
58901    3285.68    1.74269
59001    3291.16    1.88714
59101    3296.65    1.78871
59201    3302.42    1.7907
59301    3308.28    1.74872
59401    3314.2    1.86434
59501    3319.87    1.82087
59601    3326.01    1.78866
59701    3331.82    1.76516
59801    3337.08    1.75659
59901    3342.67    1.85869
60001    3348.47    1.86325
60101    3354.18    1.79519
60201    3360.16    1.88533
60301    3366.42    1.8524
60401    3371.56    2.17451
60501    3377.08    1.96093
60601    3383.44    1.90798
60701    3389.08    1.80035
60801    3394.29    1.82584
60901    3399.64    1.93357
61001    3405.66    1.74076
61101    3411.15    1.81452
61201    3416.45    1.79123
61301    3421.62    1.89776
61401    3427.07    1.83852
61501    3431.97    1.78882
61601    3437.98    2.00983
61701    3443.91    1.95814
61801    3448.95    1.79058
61901    3454.65    1.70788
62001    3460.27    1.8043
62101    3465.37    1.74916
62201    3470.67    1.92488
62301    3475.96    1.85023
62401    3481.03    1.97305
62501    3487.01    1.91717
62601    3493.66    1.83521
62701    3499.16    1.76903
62801    3504.9    1.73511
62901    3510.67    1.84373
63001    3516.35    1.79338
63101    3522.42    1.81205
63201    3528.29    1.84275
63301    3534.11    1.8195
63401    3539.41    1.74429
63501    3544.93    1.82337
63601    3550.21    1.94579
63701    3555.47    1.85113
63801    3560.99    1.81553
63901    3565.86    1.94506
64001    3571.6    1.82886
64101    3576.55    1.90911
64201    3582.21    1.77365
64301    3587.52    1.78592
64401    3592.7    1.83561
64501    3598.23    2.00635
64601    3603.46    1.90637
64701    3608.49    1.76825
64801    3614.09    1.9014
64901    3619.7    1.87477
65001    3625.26    1.93974
65101    3631.41    1.86536
65201    3636.49    1.77867
65301    3642.57    1.85967
65401    3648.4    1.97268
65501    3654.05    2.01695
65601    3660.01    1.80339
65701    3665.8    1.87813
65801    3671.86    1.73805
65901    3677.46    1.74241
66001    3682.64    1.85609
66101    3688.01    1.9855
66201    3694.07    1.74578
66301    3699    1.76761
66401    3704.69    1.71392
66501    3710.12    1.66674
66601    3715.68    1.84501
66701    3720.82    2.54193
66801    3726.04    1.74518
66901    3731.47    1.76777
67001    3736.58    1.7331
67101    3741.71    1.72525
67201    3747.66    1.74395
67301    3753.83    1.8152
67401    3759.38    1.81875
67501    3764.85    1.96654
67601    3770.37    1.87379
67701    3775.46    1.81657
67801    3781.07    1.86327
67901    3786.52    1.88267
68001    3791.91    1.91268
68101    3797.8    1.82332
68201    3803.7    1.83939
68301    3809.42    1.78493
68401    3814.93    1.69966
68501    3820.45    1.79705
68601    3825.31    1.91848
68701    3830.85    1.68663
68801    3836.11    1.7716
68901    3841.21    1.8738
69001    3846.34    1.78154
69101    3851.33    1.82316
69201    3856.32    1.7918
69301    3862.05    1.78565
69401    3867.71    1.82476
69501    3872.86    1.73814
69601    3878.2    1.88444
69701    3883.49    1.76619
69801    3888.72    1.78335
69901    3894.88    1.93856
70001    3900.91    1.94214
70101    3906.19    1.75014
70201    3912.22    2.03689
70301    3917.17    1.83697
70401    3922.76    1.7382
70501    3928.93    1.82893
70601    3934.52    1.75902
70701    3939.62    1.83359
70801    3945.46    1.84026
70901    3950.49    1.71466
71001    3956.75    1.77197
71101    3962.86    1.91683
71201    3967.99    1.87209
71301    3973.66    1.67341
71401    3979.47    1.81918
71501    3985.14    1.908
71601    3990.87    1.67599
71701    3996.77    1.73257
71801    4002.31    1.76131
71901    4008.48    1.9093
72001    4014.35    1.82039
72101    4020.27    1.76206
72201    4025.84    1.83893
72301    4031.22    1.74071
72401    4036.27    1.7909
72501    4042.33    1.80477
72601    4047.36    1.76584
72701    4052.73    1.77779
72801    4057.9    1.85481
72901    4063.73    1.99143
73001    4069.49    1.83561
73101    4074.86    1.78986
73201    4081.14    1.82523
73301    4086.28    1.76012
73401    4092.56    1.74943
73501    4098.54    1.83158
73601    4104.04    1.81348
73701    4109.36    1.6612
73801    4114.93    1.64756
73901    4120.76    1.77074
74001    4125.75    1.82066
74101    4130.85    1.75374
74201    4136.87    1.80451
74301    4142.12    1.8293
74401    4147.57    1.89786
74501    4153.17    1.82858
74601    4158.8    1.72904
74701    4164.26    1.75956
74801    4168.97    1.71982
74901    4174.16    1.96905
75001    4179.4    2.71446
75101    4184.95    1.76897
75201    4190.2    1.68113
75301    4196.16    1.83943
75401    4201.44    1.72571
75501    4207.27    1.74559
75601    4213.47    1.78331
75701    4218.82    1.83895
75801    4224.37    1.87812
75901    4229.6    1.81387
76001    4234.69    1.72746
76101    4239.8    1.88442
76201    4245.4    1.74221
76301    4251.01    1.92985
76401    4256.72    1.83454
76501    4262.4    1.86151
76601    4268.43    1.8551
76701    4274.35    1.89644
76801    4280.45    1.74695
76901    4285.71    1.74808
77001    4290.81    1.81714
77101    4296.57    1.81961
77201    4301.75    1.76028
77301    4307.5    1.87737
77401    4313.06    1.82153
77501    4318.75    1.76171
77601    4323.78    1.7127
77701    4329.44    1.75792
77801    4334.91    1.7876
77901    4340.23    1.67966
78001    4345.59    1.76878
78101    4351.43    1.83166
78201    4357.77    1.70536
78301    4363.2    2.09637
78401    4368.32    1.71984
78501    4373.3    1.74398
78601    4378.71    1.8723
78701    4384.06    2.06723
78801    4389.15    1.71863
78901    4394.44    1.63959
79001    4399.55    1.74457
79101    4405.07    1.69086
79201    4410.37    1.79899
79301    4416.18    1.78488
79401    4421.5    1.79294
79501    4426.67    1.7438
79601    4431.92    1.82207
79701    4437.61    1.76209
79801    4443.62    1.82899
79901    4449.48    1.93705
80001    4455.01    1.89556
80101    4459.84    1.98952
80201    4465.19    1.88018
80301    4470.15    1.8608
80401    4475.17    2.01016
80501    4480.8    1.89813
80601    4485.6    2.24439
80701    4491.98    1.69729
80801    4497.05    1.81171
80901    4503.34    1.80132
81001    4509.26    1.89285
81101    4514.88    1.99471
81201    4520.42    1.89517
81301    4525.47    1.75294
81401    4530.74    1.67803
81501    4537.04    1.77124
81601    4542.9    1.66092
81701    4549.21    1.74825
81801    4555.08    1.79728
81901    4560.65    1.75661
82001    4565.77    1.89455
82101    4570.83    1.80295
82201    4576.13    1.83264
82301    4581.8    1.8526
82401    4586.79    1.78769
82501    4592.78    1.79749
82601    4598.05    2.01869
82701    4603.43    1.75126
82801    4609.47    1.93503
82901    4614.5    1.88198
83001    4620.39    1.70351
83101    4626.34    1.8298
83201    4632.24    1.84607
83301    4637.85    1.73691
83401    4643.09    1.67037
83501    4648.53    1.75318
83601    4654.12    1.85988
83701    4659.44    1.92088
83801    4664.91    1.92584
83901    4670.69    1.74908
84001    4676.43    1.86706
84101    4681.56    1.92809
84201    4687.49    2.12015
84301    4692.98    1.91056
84401    4697.83    1.95697
84501    4704.05    1.76347
84601    4709.45    1.88228
84701    4714.62    1.81899
84801    4720.61    1.93825
84901    4726.42    1.83753
85001    4731.67    1.78831
85101    4736.52    1.80998
85201    4742.25    1.76054
85301    4748.57    1.65265
85401    4754.43    1.75291
85501    4760.53    1.79224
85601    4765.68    1.80581
85701    4771.31    1.72126
85801    4776.49    1.76447
85901    4782.17    1.75603
86001    4787.7    1.75788
86101    4792.71    1.7942
86201    4797.73    1.73615
86301    4803.18    1.62308
86401    4808.7    1.89633
86501    4814.37    1.83995
86601    4820.19    2.05661
86701    4826.06    1.7844
86801    4831.85    1.73581
86901    4837.47    1.71549
87001    4843.1    1.87817
87101    4848.64    1.70252
87201    4854.82    1.82461
87301    4860.19    1.91949
87401    4865.55    1.75722
87501    4871.59    1.78971
87601    4877.16    1.70392
87701    4882.71    1.77927
87801    4888.89    1.72451
87901    4895.02    1.74694
88001    4900.93    1.71787
88101    4906.16    1.84478
88201    4912.32    1.88166
88301    4917.51    1.90597
88401    4922.56    2.00773
88501    4928.46    1.74279
88601    4933.75    1.72635
88701    4938.81    1.7122
88801    4943.89    1.85675
88901    4948.98    1.66178
89001    4954.17    1.73811
89101    4959.93    1.82379
89201    4965.15    2.01081
89301    4970.19    2.23371
89401    4975.97    1.94838
89501    4981.35    1.78228
89601    4987.42    1.70526
89701    4992.66    1.75811
89801    4998.64    1.81872
89901    5004.53    1.84652
90001    5009.79    1.8147
90101    5014.75    1.70099
90201    5020.34    1.89354
90301    5025.7    1.84131
90401    5030.87    1.76991
90501    5035.85    1.68535
90601    5041.59    1.77604
90701    5047    1.82385
90801    5051.93    1.69599
90901    5057.31    1.65592
91001    5062.32    1.73291
91101    5067.85    1.83236
91201    5073.01    1.6822
91301    5078.25    1.78716
91401    5083.68    1.90401
91501    5088.76    1.73929
91601    5094.08    1.77696
91701    5099.66    1.8493
91801    5105.98    1.70404
91901    5112.18    1.69195
92001    5117.75    1.82828
92101    5123.42    1.83621
92201    5129.6    1.77178
92301    5135.54    1.72877
92401    5141.06    1.83996
92501    5146.5    1.72238
92601    5152.62    1.71734
92701    5158.08    1.77826
92801    5163.95    1.90663
92901    5169.03    2.42176
93001    5174.95    1.67528
93101    5180.05    1.69566
93201    5185.38    1.69979
93301    5191.08    1.70581
93401    5196.73    1.70612
93501    5202.23    1.80969
93601    5208.15    1.73277
93701    5213.84    1.67053
93801    5219.69    1.67074
93901    5225.53    1.75663
94001    5231.35    1.97521
94101    5237.38    1.71617
94201    5243.22    1.83494
94301    5247.82    1.82691
94401    5253.43    1.71713
94501    5259.68    1.86759
94601    5265.49    1.6228
94701    5270.98    1.68786
94801    5277    1.73882
94901    5283.23    1.77891
95001    5288.72    1.77811
95101    5294.86    1.86369
95201    5300.72    1.9493
95301    5306.93    1.81146
95401    5312.56    2.03964
95501    5317.78    1.73062
95601    5323.67    1.73736
95701    5328.47    1.82862
95801    5333.85    1.64837
95901    5339.37    1.96624
96001    5344.78    1.78668
96101    5350.82    1.74257
96201    5356.45    1.67923
96301    5361.74    1.74958
96401    5366.95    1.73724
96501    5372.41    1.78238
96601    5377.6    1.81236
96701    5383.64    1.85432
96801    5389.3    1.77375
96901    5394.8    1.76951
97001    5400.45    1.85536
97101    5406.01    1.72219
97201    5411.75    1.77528
97301    5417.02    1.89676
97401    5423.11    1.7385
97501    5428.26    1.66533
97601    5434.09    1.725
97701    5440.14    1.79991
97801    5445.38    1.81899
97901    5450.96    1.83954
98001    5456.38    1.77928
98101    5461.34    1.7699
98201    5467.04    1.78832
98301    5472.45    1.76047
98401    5478.58    1.66222
98501    5484.46    1.70805
98601    5489.77    1.88882
98701    5495.84    1.77962
98801    5501.74    1.82977
98901    5507.37    1.7481
99001    5512.57    2.24653
99101    5518.18    1.73172
99201    5523.72    1.73731
99301    5528.88    1.7157
99401    5534.83    1.73573
99501    5539.96    1.66819
99601    5545.25    1.73457
99701    5550.4    1.73222
99801    5555.31    1.71261
99901    5561.32    1.78848
100001    5566.79    1.76106
100101    5572.67    1.78628
100201    5579.06    1.72654
100301    5584.29    1.71916
100401    5590.56    1.79331
100501    5596.24    1.7811
100601    5601.96    1.84035
100701    5607.78    1.80348
100801    5613.9    1.70607
100901    5619.29    1.63061
101001    5625.35    1.7588
101101    5631.05    1.89335
101201    5636.82    1.85126
101301    5642.7    1.82476
101401    5648.2    1.70825
101501    5654.07    1.75499
101601    5660.25    1.79985
101701    5665.95    1.78309
101801    5670.92    1.71138
101901    5676.51    1.75798
102001    5682.23    1.82665
102101    5688.42    1.73782
102201    5694.46    1.771
102301    5699.41    1.92403
102401    5705.27    1.75158
102501    5711.36    1.74563
102601    5716.91    1.85279
102701    5722.62    1.69516
102801    5728.05    1.89402
102901    5733.58    1.80089
103001    5739.86    1.78445
103101    5745.11    1.80095
103201    5751.37    1.75178
103301    5756.93    1.86027
103401    5762.99    1.70151
103501    5767.95    1.70909
103601    5773.5    1.70446
103701    5778.87    1.74652
103801    5783.89    1.77018
103901    5790.09    1.76816
104001    5795.47    1.75672
104101    5801.11    2.04292
104201    5807.38    1.74432
104301    5813.08    1.69391
104401    5818.38    1.82444
104501    5823.75    1.82678
104601    5828.64    1.80399
104701    5833.63    1.71796
104801    5839.05    1.6052
104901    5844.75    1.72114
105001    5849.76    1.74597
105101    5855.34    1.78213
105201    5860.84    1.77068
105301    5866.32    1.71388
105401    5872    1.74835
105501    5877.41    1.70928
105601    5883.27    1.89064
105701    5888.77    1.67198
105801    5894.12    1.76862
105901    5899.33    1.80863
106001    5904.34    1.69864
106101    5910.24    1.87006
106201    5915.66    1.96694
106301    5920.96    1.71829
106401    5926.9    1.68705
106501    5932.69    1.9882
106601    5938.66    2.10359
106701    5944.2    1.73433
106801    5949.8    1.83237
106901    5955.72    1.72599
107001    5960.86    1.78256
107101    5967.09    1.70858
107201    5972.49    1.74494
107301    5978.37    1.77585
107401    5983.82    1.73121
107501    5989.06    1.76383
107601    5995.05    1.76933
107701    6000.95    1.69709
107801    6006.94    1.80057
107901    6011.92    1.8507
108001    6017.04    1.74405
108101    6022.77    1.7854
108201    6027.98    1.72048
108301    6033.17    1.83435
108401    6038.77    1.87031
108501    6045.2    1.73668
108601    6051.44    1.7964
108701    6058.65    1.7636
108801    6064.32    1.74777
108901    6071.22    1.86806
109001    6077.67    1.78224
109101    6084.16    1.67691
109201    6090.21    1.8278
109301    6097.24    1.72865
109401    6102.47    1.90098
109501    6108.96    1.85774
109601    6114.39    1.78469
109701    6120    1.72092
109801    6125.24    1.81364
109901    6131.21    1.81288
110001    6136.76    1.77217
110101    6142.13    1.7548
110201    6148.01    1.69992
110301    6153.66    1.84097
110401    6159.19    1.85613
110501    6164.62    1.87795
110601    6170.28    1.74995
110701    6176.09    1.63905
110801    6181.17    1.6566
110901    6187.21    1.6948
111001    6193.27    1.75638
111101    6198.97    1.73033
111201    6204.71    1.89391
111301    6210.43    1.85923
111401    6216.4    1.75153
111501    6223.13    1.78061
111601    6229.15    1.71673
111701    6235.41    1.85264
111801    6242.1    1.80889
111901    6248.49    1.72209
112001    6254.82    1.67958
112101    6261    2.17635
112201    6269.16    1.75539
112301    6276.55    1.75393
112401    6283.77    1.64682
112501    6290.35    1.79285
112601    6297.06    2.16694
112701    6302.79    1.81419
112801    6308.72    1.82781
112901    6314.76    1.76423
113001    6321.37    1.71981
113101    6328.14    1.69199
113201    6334.96    1.74139
113301    6342.48    1.81407
113401    6349.18    1.68306
113501    6355.96    1.68964
113601    6361.86    1.73057
113701    6368.75    1.72764
113801    6375.8    1.67262
113901    6382.15    1.71275
114001    6388.31    1.78525
114101    6395    1.86542
114201    6401.69    1.65277
114301    6408.74    1.73134
114401    6414.74    1.78058
114501    6421.13    1.87444
114601    6427.22    1.75804
114701    6432.45    1.71349
114801    6438.56    1.69231
114901    6444.62    1.85873
115001    6451.62    1.82108
115101    6458.06    1.86552
115201    6464.26    2.11421
115301    6470.09    1.90289
115401    6476.14    1.80858
115501    6481.51    1.75568
115601    6487.86    1.89935
115701    6493.69    1.77071
115801    6499.42    1.71182
115901    6505.55    1.78084
116001    6511.26    1.92778
116101    6518.14    1.83532
116201    6524.33    1.70265
116301    6531.05    1.73476
116401    6537.81    1.74361
116501    6544.42    1.80063
116601    6551.15    1.67642
116701    6557.94    1.86095
116801    6563.78    1.82412
116901    6569.83    2.05685
117001    6575.8    1.74675
117101    6582.61    1.74808
117201    6588.93    1.65048
117301    6595.08    1.79082
117401    6601.03    1.70796
117501    6606.5    1.88104
117601    6612.14    1.78589
117701    6617.08    1.81456
117801    6622.45    1.79204
117901    6627.91    1.75073
118001    6633.38    1.6828
118101    6639.32    1.72647
118201    6645.14    1.64381
118301    6651.11    1.66679
118401    6657.03    1.77072
118501    6662.59    1.89252
118601    6669.14    1.6515
118701    6675.72    1.59321
118801    6683.04    1.73277
118901    6690.29    1.75178
119001    6696.83    1.56671
119101    6703.55    1.83539
119201    6710.37    1.78662
119301    6715.68    1.8338
119401    6722.18    1.71184
119501    6729.36    1.77223
119601    6735.56    1.76616
119701    6741.4    1.78436
119801    6748.14    1.69663
119901    6754.64    1.74061
120001    6760.02    1.73289
120101    6765.81    1.81667
120201    6771.27    1.78694
120301    6777.06    2.03212
120401    6783.05    1.84437
120501    6788.97    1.70938
120601    6794.39    1.84815
120701    6800.31    1.86805
120801    6807.04    2.06706
120901    6813.77    1.8003
121001    6819.68    1.85297
121101    6826.02    1.78289
121201    6832.16    1.71703
121301    6838.69    1.77714
121401    6844.62    1.92691
121501    6850.66    1.81171
121601    6856.56    1.72801
121701    6862.52    1.75724
121801    6867.72    1.82151
121901    6873.5    1.79806
122001    6879.83    1.68296
122101    6885.49    1.83611
122201    6890.84    1.64478
122301    6896.65    1.73577
122401    6902.15    1.75923
122501    6907.5    1.76922
122601    6913.18    1.66953
122701    6918.84    1.87526
122801    6924.18    1.8121
122901    6929.66    1.80996
123001    6936.8    1.73832
123101    6943.43    1.78331
123201    6949.28    1.74265
123301    6955.07    1.78111
123401    6961.13    1.7725
123501    6966.72    1.70505
123601    6972.22    1.8535
123701    6978.3    2.06653
123801    6983.86    2.02619
123901    6989.8    1.7302
124001    6995.36    1.69815
124101    7000.97    1.75973
124201    7007.33    1.82035
124301    7013.08    1.75039
124401    7019.28    1.72769
124501    7025.08    1.79281
124601    7030.69    1.74069
124701    7035.71    1.70363
124801    7040.96    1.73416
124901    7046.71    1.71544
125001    7052.73    1.75611
125101    7058.17    1.89632
125201    7063.99    1.84525
125301    7070.76    1.69909
125401    7076.84    1.69624
125501    7083.71    1.6493
125601    7090.29    1.83953
125701    7097.29    1.69847
125801    7104.41    1.6888
125901    7110.83    1.67433
126001    7118.69    1.73027
126101    7125.5    1.75493
126201    7132.39    1.77498
126301    7140.02    1.79725
126401    7146.77    1.67624
126501    7153.82    1.71525
126601    7160.75    1.86936
126701    7167.73    1.82997
126801    7175.06    1.76885
126901    7182.34    1.7508
127001    7189.41    1.66601
127101    7196.37    1.71687
127201    7202.57    1.69301
127301    7209.23    1.74928
127401    7215.31    1.89204
127501    7221.74    1.72093
127601    7228.3    1.83899
127701    7235.65    1.85905
127801    7242.75    1.88139
127901    7250.64    1.78911
128001    7257.54    1.8873
128101    7265.68    1.80799
128201    7273.1    1.67682
128301    7280.85    1.77912
128401    7288.03    1.68548
128501    7296.5    1.72845
128601    7303.68    1.77031
128701    7311.8    1.86862
128801    7319.47    1.74042
128901    7327.13    1.94873
129001    7334.43    1.64312
129101    7341.7    1.89674
129201    7348.84    1.76704
129301    7356.08    1.73554
129401    7362.54    1.84139
129501    7369.86    1.72067
129601    7376.77    1.72966
129701    7384.08    1.69198
129801    7390.63    1.6225
129901    7396.88    1.64695
130001    7403.87    1.79423
130101    7411.01    1.8624
130201    7417.59    1.90685
130301    7424.04    1.73875
130401    7430.67    1.749
130501    7436.98    1.8167
130601    7443.77    1.92342
130701    7451.03    1.83706
130801    7459.42    1.7275
130901    7467.45    1.74826
131001    7474.69    1.81086
131101    7482.58    1.79538
131201    7490    1.8691
131301    7497.42    1.7789
131401    7504.95    1.88974
131501    7512.65    1.71114
131601    7519.97    1.90436
131701    7527.68    1.80313
131801    7534.43    1.75993
131901    7541.6    1.71603
132001    7548.53    1.79921
132101    7555.78    1.77527
132201    7562.28    1.79725
132301    7568.54    1.79905
132401    7575.15    1.79545
132501    7582.52    1.77698
132601    7590.38    1.60963
132701    7598.07    1.69523
132801    7605.84    1.72373
132901    7613.17    1.67154
133001    7619.78    1.71055
133101    7627.55    1.7893
133201    7635.23    1.73467
133301    7641.71    1.82366
133401    7648.57    1.92467
133501    7655.78    2.10821
133601    7663.12    1.69602
133701    7669.92    1.78984
133801    7677.38    1.7156
133901    7684.52    1.84083
134001    7692.28    1.76024
134101    7700.57    1.73767
134201    7707.66    1.78231
134301    7715.19    1.82662
134401    7722.6    2.62724
134501    7729.68    1.72759
134601    7736.73    1.6897
134701    7744.21    1.70538
134801    7752.2    1.68984
134901    7759.2    1.74738
135001    7766.2    1.91778
135101    7774.66    1.70886
135201    7782.64    1.69093
135301    7789.9    1.706
135401    7797.04    1.67417
135501    7803.37    1.76771
135601    7809.97    1.97946
135701    7816.42    1.74676
135801    7822.82    1.82173
135901    7829.58    1.82605
136001    7835.96    1.75497
136101    7842.5    1.65308
136201    7850.09    1.88003
136301    7857.74    1.88633
136401    7865.51    1.67317
136501    7871.91    1.77299
136601    7878.64    1.69601
136701    7886.19    1.69006
136801    7892.91    1.80786
136901    7899.62    1.77106
137001    7906.63    1.75409
137101    7913.53    1.75862
137201    7920.75    1.6996
137301    7928.05    1.70769
137401    7934.83    1.67444
137501    7941.13    1.80024
137601    7947.09    1.74688
137701    7954.72    1.73071
137801    7960.9    1.82967
137901    7967.41    1.77923
138001    7973.32    1.82928
138101    7979.57    1.70874
138201    7986.27    1.94856
138301    7993.14    1.71765
138401    7998.46    1.88685
138501    8004.4    1.78277
138601    8011.74    1.71648
138701    8018.4    1.66145
138801    8023.67    1.82387
138901    8029.34    1.77137
139001    8035.53    1.81081
139101    8040.89    1.92642
139201    8047.37    1.77062
139301    8053.3    1.66706
139401    8058.93    1.76389
139501    8065.15    1.7702
139601    8070.84    1.78711
139701    8076.39    1.85762
139801    8082.17    1.99408
139901    8088.01    1.70897
140001    8094.18    2.0254
140101    8100.36    1.7786
140201    8106.7    1.97887
140301    8114.07    1.71986
140401    8119.77    1.61005
140501    8127.86    1.67504
140601    8135.04    1.77536
140701    8142.41    1.82603
140801    8149.3    2.03926
140901    8156    1.80199
141001    8161.67    1.6832
141101    8167.24    1.70789
141201    8172.97    1.59268
141301    8178.52    1.71598
141401    8184.65    1.69534
141501    8190.62    1.69039
141601    8196.63    1.69798
141701    8202.65    1.9406
141801    8209.73    1.72776
141901    8216.3    1.86413
142001    8222.53    1.92347
142101    8230.19    1.74856
142201    8236.9    1.73348
142301    8243.54    1.74601
142401    8250.44    1.88858
142501    8257.11    1.69964
142601    8264.35    1.81875
142701    8270.46    1.71092
142801    8277.01    1.72914
142901    8285.13    1.71324
143001    8292.18    1.66669
143101    8298.84    1.65395
143201    8305.89    1.68001
143301    8312.45    1.81738
143401    8319.32    1.82048
143501    8325.88    1.80946
143601    8332.88    1.91043
143701    8339.59    1.72872
143801    8345.84    1.70077
143901    8352.25    1.76076
144001    8358.57    1.77281
144101    8365.26    1.78098
144201    8371.52    1.8648
144301    8377.48    1.76733
144401    8384.48    1.82965
144501    8392.2    1.75721
144601    8399.44    1.69252
144701    8406.04    1.70251
144801    8412.52    1.76818
144901    8418.61    1.86153
145001    8425.48    1.81688
145101    8431.92    1.79601
145201    8439    1.7752
145301    8444.69    1.77141
145401    8451.17    1.7203
145501    8458.13    1.74375
145601    8464.97    1.75339
145701    8471.02    1.74546
145801    8477.13    1.93466
145901    8484.18    1.66082
146001    8490.52    1.69727
146101    8496.89    1.65828
146201    8503.41    1.73435
146301    8511.05    1.70033
146401    8517.88    1.70712
146501    8523.72    1.73352
146601    8530.08    1.78617
146701    8536.17    1.72624
146801    8542.61    1.77186
146901    8548.66    1.65533
147001    8554.71    1.60084
147101    8561.27    1.7278
147201    8569.35    1.69192
147301    8576.38    1.81727
147401    8583.89    1.79916
147501    8590.14    1.90038
147601    8596.11    1.86104
147701    8601.99    1.80322
147801    8607.93    3.26028
147901    8614.95    1.73828
148001    8621.3    1.72725
148101    8627.16    1.7991
148201    8633.22    1.68958
148301    8639.24    1.67375
148401    8644.64    1.88217
148501    8651.05    1.76897
148601    8657.32    1.68349
148701    8663.79    1.77424
148801    8671.12    1.73914
148901    8677.3    1.73819
149001    8683.53    1.62356
149101    8690.57    1.75551
149201    8697.01    1.67051
149301    8703.55    1.75057
149401    8710.4    1.68808
149501    8717.19    1.86071
149601    8724.6    1.79291
149701    8731.8    2.18004
149801    8738.46    1.68352
149901    8745.85    1.74846
150001    8751.66    1.7228
150101    8757.72    1.74775
150201    8763.76    1.77322
150301    8770.68    1.7111
150401    8777    1.73632
150501    8783.53    1.67222
150601    8790.31    1.69629
150701    8797.02    1.72626
150801    8803.93    1.74658
150901    8810.74    1.67573
151001    8818.7    1.66067
151101    8826.9    1.79705
151201    8834.75    1.77836
151301    8842.02    1.6783
151401    8848.86    1.62259
151501    8855.38    1.70017
151601    8862.07    1.82759
151701    8868.29    1.86697
151801    8875.05    1.79329
151901    8881.28    1.70506
152001    8887.84    1.92212
152101    8894.07    1.74833
152201    8900.58    1.75279
152301    8907.35    1.63091
152401    8914.72    1.75552
152501    8921.16    1.75833
152601    8927.61    1.6767
152701    8934.08    1.6998
152801    8940.83    1.68142
152901    8948.01    1.79278
153001    8953.76    1.84635
153101    8960.4    1.7574
153201    8966.34    1.81178
153301    8973.09    1.76086
153401    8979.36    1.68948
153501    8986.32    1.75463
153601    8991.76    1.83726
153701    8998.16    1.66703
153801    9004.93    1.751
153901    9011.82    1.75507
154001    9018.46    1.69
154101    9024.8    1.82111
154201    9031.31    1.81936
154301    9038.79    1.79559
154401    9045.72    1.98342
154501    9052.87    1.6778
154601    9059.28    1.71126
154701    9065.95    1.73327
154801    9072.48    1.79488
154901    9080.09    1.85706
155001    9087.05    1.82442
155101    9093.51    1.77879
155201    9099.82    1.78562
155301    9106.38    1.6979
155401    9112.96    1.79622
155501    9119.7    1.71698
155601    9126.08    1.6928
155701    9133.23    1.64474
155801    9139.93    1.70045
155901    9146.94    1.64598
156001    9154.91    1.62852
156101    9162.58    1.69976
156201    9169.83    1.76448
156301    9176.29    1.82223
156401    9183.29    1.86261
156501    9190.1    2.43432
156601    9196.74    1.74692
156701    9203.63    1.80506
156801    9210.44    1.82815
156901    9217.11    1.81372
157001    9223.91    1.69089
157101    9231.13    1.7061
157201    9238    1.69464
157301    9244.32    1.76484
157401    9250.64    1.71555
157501    9257.59    1.62804
157601    9264    1.70638
157701    9270.23    1.69672
157801    9276.5    1.93215
157901    9282.48    1.6488
158001    9289.03    1.64738
158101    9294.88    1.68015
158201    9300.79    1.66224
158301    9307.59    1.70775
158401    9314.4    1.72705
158501    9320.5    1.69871
158601    9326.64    1.69692
158701    9332.71    1.60996
158801    9339.74    1.63598
158901    9346.31    1.7342
159001    9352.84    1.68909
159101    9359.1    1.67359
159201    9364.75    1.70236
159301    9371.41    1.7088
159401    9378.19    1.68568
159501    9384.86    1.78041
159601    9391.43    1.82944
159701    9398.82    1.80448
159801    9405    1.75942
159901    9411.97    1.62197
160001    9417.99    1.71525
160101    9424.22    1.81084
160201    9430.29    1.78729
160301    9436.52    1.90819
160401    9443.05    1.65794
160501    9449.62    1.74809
160601    9456.11    1.68673
160701    9463.24    1.75783
160801    9469.38    1.72529
160901    9476.17    1.85291
161001    9482.38    1.73063
161101    9488.59    1.89307
161201    9495.09    1.69371
161301    9501.51    1.85772
161401    9508.3    1.71687
161501    9515.44    1.88907
161601    9522.55    1.71009
161701    9529.7    1.7708
161801    9535.61    1.68534
161901    9542.22    1.82067
162001    9548.34    1.82197
162101    9555.01    1.88877
162201    9561.89    2.64498
162301    9568.58    1.85087
162401    9574.89    1.81739
162501    9581.15    1.78487
162601    9587.15    1.6876
162701    9594.56    1.76425
162801    9601.38    1.76137
162901    9607.85    1.70072
163001    9614.93    1.80826
163101    9621.22    1.8427
163201    9627.74    1.91244
163301    9634.49    1.75875
163401    9642.23    1.68903
163501    9650.43    1.70908
163601    9658.11    1.65638
163701    9665.4    1.69929
163801    9671.95    1.70092
163901    9679.45    1.89689
164001    9685.57    2.06375
164101    9692.61    1.7609
164201    9700.33    1.69738
164301    9706.31    1.69414
164401    9712.86    1.76598
164501    9718.82    1.74981
164601    9725.43    1.68681
164701    9731.85    1.66613
164801    9738.42    1.77909
164901    9744.63    1.59893
165001    9751.61    1.66962
165101    9757.17    1.71338
165201    9763.72    1.6778
165301    9769.87    1.89016
165401    9776.51    1.72945
165501    9782.96    1.6819
165601    9789.33    1.66914
165701    9795.31    1.67771
165801    9801.68    1.87504
165901    9807.65    1.8357
166001    9814.18    1.84175
166101    9820.86    1.83676
166201    9826.51    1.8363
166301    9831.97    1.7867
166401    9838.01    1.83127
166501    9844.24    1.8677
166601    9850.92    1.66973
166701    9856.24    1.70253
166801    9861.39    1.69128
166901    9866.8    1.7778
167001    9872.54    1.76286
167101    9878.34    1.71367
167201    9884.5    1.7572
167301    9889.92    1.79437
167401    9896.03    1.79397
167501    9903.02    1.72126
167601    9909.09    1.7859
167701    9914.58    1.76059
167801    9920.03    1.834
167901    9926.05    1.90379
168001    9932.84    1.63548
168101    9939.47    1.71442
168201    9946.27    1.70921
168301    9953.64    1.63922
168401    9960.48    1.65745
168501    9967.46    1.74544
168601    9973.71    1.70548
168701    9980.72    1.75
168801    9987.81    1.7559
168901    9994.95    1.73472
169001    10001.7    1.60503
169101    10008.6    1.67
169201    10014.6    1.69134
169301    10020.7    1.68468
169401    10028    1.65443
169501    10035    1.70194
169601    10041.6    1.65223
169701    10048.5    1.66087
169801    10055.7    1.6952
169901    10063.3    1.62806
170001    10070.6    1.65242
170101    10077.8    1.62495
170201    10084.5    1.71548
170301    10090.9    1.65096
170401    10099    1.72971
170501    10107.2    1.89245
170601    10114.4    1.70238
170701    10122.2    1.73666
170801    10130    1.68731
170901    10138.3    1.74954
171001    10146    1.63397
171101    10154    1.75707
171201    10160.9    1.71461
171301    10167.7    1.65423
171401    10175.2    1.75379
171501    10182    1.71724
171601    10189.1    1.74382
171701    10196.2    1.85269
171801    10203.4    1.79218
171901    10211.1    1.67257
172001    10217.6    1.7887
172101    10224.7    1.74177
172201    10231.4    1.87204
172301    10238.6    1.77225
172401    10245.1    1.86883
172501    10251.9    1.7623
172601    10259.2    1.82829
172701    10266.8    1.77364
172801    10273    1.76197
172901    10279.7    1.76362
173001    10286.6    1.70016
173101    10294.3    1.78332
173201    10301.1    1.84393
173301    10308.4    1.76345
173401    10315.3    1.73881
173501    10323.3    1.79971
173601    10330.2    1.62286
173701    10337.4    1.96382
173801    10345.4    1.76337
173901    10352.4    1.80557
174001    10360    1.82026
174101    10367.7    1.71163
174201    10374.7    1.71853
174301    10381.5    1.70715
174401    10388    1.70519
174501    10395.2    1.82621
174601    10402.1    1.93372
174701    10408.4    1.62382
174801    10415.3    1.63237
174901    10422.2    1.72329
175001    10429.2    1.67488
175101    10435.9    1.66714
175201    10442.7    1.728
175301    10449.2    1.65839
175401    10455.4    1.64622
175501    10462.2    1.64729
175601    10468.7    1.63435
175701    10475.1    1.63156
175801    10481.7    1.64681
175901    10489.2    1.66373
176001    10496.5    1.69758
176101    10504.3    1.75004
176201    10512.7    1.72654
176301    10521    1.70588
176401    10528.7    1.6552
176501    10537.2    1.73344
176601    10544.9    1.71742
176701    10552.1    1.71149
176801    10559.3    1.84773
176901    10566.1    1.71866
177001    10573.6    1.77214
177101    10580.9    1.7183
177201    10587.6    1.89204
177301    10594.3    1.74733
177401    10601.3    1.70955
177501    10607.9    1.73294
177601    10613.9    1.71809
177701    10621    1.79665
177801    10628.1    1.73881
177901    10634.5    1.83759
178001    10641.5    1.80492
178101    10648.3    1.63296
178201    10655.1    1.72437
178301    10662.7    1.72349
178401    10669.2    1.62558
178501    10675.7    1.87986
178601    10682.9    1.74484
178701    10690    1.64993
178801    10697.3    1.66689
178901    10703.9    1.66101
179001    10710.5    1.87619
179101    10717.8    1.66597
179201    10724.2    1.77135
179301    10731.6    1.65222
179401    10739.1    1.69713
179501    10746.2    1.70394
179601    10753    1.7296
179701    10759.6    1.77972
179801    10767    1.87612
179901    10773.4    1.87071
180001    10779.7    2.82828
180101    10786.4    1.72974
180201    10792.9    1.74821
180301    10799.7    1.64682
180401    10806.5    1.65853
180501    10813.2    1.77382
180601    10820.2    1.81659
180701    10827.9    1.8239
180801    10833.7    1.77354
180901    10841.2    1.75644
181001    10848.3    1.62356
181101    10855.1    1.67837
181201    10862    1.80606
181301    10869.9    1.81532
181401    10876.8    1.81316
181501    10883.6    1.67653
181601    10891.4    1.72713
181701    10899.3    1.72467
181801    10905.8    1.7059
181901    10913.1    1.80392
182001    10919.3    1.68914
182101    10925.6    1.7579
182201    10932.5    2.06103
182301    10939.9    1.75216
182401    10947    1.70378
182501    10953.9    1.68676
182601    10961    1.74945
182701    10967.2    1.75231
182801    10974    1.71793
182901    10979.8    1.7603
183001    10986.9    1.688
183101    10993.8    1.81297
183201    11000.7    1.72457
183301    11007.3    1.62616
183401    11014.3    1.7319
183501    11021.3    1.66788
183601    11029.1    1.63467
183701    11035.9    1.77214
183801    11043.8    1.70984
183901    11052.2    1.77539
184001    11060.3    1.76544
184101    11067.7    1.82554
184201    11075    1.75264
184301    11081.9    1.68392
184401    11089.2    1.65428
184501    11096.2    1.67345
184601    11103.9    1.62255
184701    11111.7    1.72337
184801    11119.1    1.67194
184901    11126.2    1.79906
185001    11133.4    1.62956
185101    11140.6    1.8098
185201    11147.5    1.8585
185301    11155    1.68188
185401    11161.5    1.65155
185501    11168.3    1.6916
185601    11175.3    1.68354
185701    11182.3    1.74049
185801    11189.1    2.13868
185901    11196.9    1.73802
186001    11203.9    1.80023
186101    11211.2    1.79045
186201    11218.5    1.87951
186301    11225.8    1.82846
186401    11232.1    1.74621
186501    11238.1    1.73104
186601    11244.3    1.7158
186701    11251.3    1.78395
186801    11257.1    1.74481
186901    11263.9    1.70697
187001    11270.6    1.7057
187101    11277.5    1.76745
187201    11283.1    1.80406
187301    11289.6    1.83698
187401    11296.2    1.59985
187501    11303.6    1.83483
187601    11310.7    1.73739
187701    11318.6    1.71922
187801    11325    1.69929
187901    11331.3    1.60401
188001    11337.6    1.8065
188101    11344.2    1.69325
188201    11351    1.80606
188301    11357.7    1.83361
188401    11364    1.7435
188501    11371.7    1.89406
188601    11378.1    1.71999
188701    11386    1.69298
188801    11393.3    1.83141
188901    11401.3    1.63899
189001    11408.9    1.71258
189101    11416.9    1.92148
189201    11424.6    1.86672
189301    11433    1.77584
189401    11440.9    1.74248
189501    11448.1    1.71362
189601    11455.4    1.7201
189701    11463.2    1.73481
189801    11470.4    1.73358
189901    11476.8    1.73646
190001    11484.9    1.70623
190101    11492.2    1.61196
190201    11499.6    1.69905
190301    11507.1    1.72419
190401    11514.4    1.73755
190501    11522.2    1.86912
190601    11529.7    1.70193
190701    11536.9    1.8175
190801    11544.6    1.7376
190901    11552.2    1.67528
191001    11559.4    1.73434
191101    11566.2    1.71892
191201    11573.9    1.8196
191301    11581.7    1.75093
191401    11589.1    1.67044
191501    11596.4    1.76674
191601    11603.4    1.78922
191701    11610.6    1.84029
191801    11619    1.68549
191901    11626.6    1.73002
192001    11634    1.80666
192101    11642.1    1.77531
192201    11648.9    1.6851
192301    11656.2    1.6209
192401    11663.8    1.71569
192501    11671.3    1.79765
192601    11678.4    1.81401
192701    11685.9    1.76521
192801    11693.4    1.64295
192901    11701.4    1.6897
193001    11708.6    1.86393
193101    11715.7    1.70412
193201    11723.1    1.67019
193301    11730.7    1.79114
193401    11737.8    1.78897
193501    11745.3    1.70041
193601    11753.4    1.74413
193701    11760.4    1.77889
193801    11768.3    1.83339
193901    11775.4    1.85694
194001    11782    1.83321
194101    11789    1.66103
194201    11796.2    1.69123
194301    11803    1.94
194401    11809.6    1.86147
194501    11816    1.63358
194601    11822.2    1.72266
194701    11828    1.67006
194801    11834.5    1.71925
194901    11840.6    1.6123
195001    11847    1.75506
195101    11853.7    1.67218
195201    11860.1    1.82607
195301    11866.6    1.81557
195401    11873.8    1.72253
195501    11880.5    1.88259
195601    11887.2    1.71378
195701    11893.4    1.91747
195801    11899.8    1.75662
195901    11906.1    1.89413
196001    11912.6    1.68103
196101    11918.7    1.68548
196201    11925.5    1.71217
196301    11931    1.78076
196401    11936.7    2.08092
196501    11942.6    1.74744
196601    11948.9    1.67223
196701    11955.1    1.65429
196801    11961.4    1.75301
196901    11967.8    1.78609
197001    11973.2    1.82452
197101    11978.9    1.6459
197201    11984.5    1.79062
197301    11990.1    2.15601
197401    11995.8    1.68212
197501    12001.7    1.66161
197601    12007.6    1.61757
197701    12014.8    1.74053
197801    12021.4    1.69053
197901    12028.6    1.65923
198001    12034.7    1.78835
