1    2.70336    2.27895
101    8.22886    2.68191
201    14.3319    2.85426
301    20.2957    2.4837
401    26.1407    2.95557
501    31.1869    2.93367
601    37.0115    2.66678
701    42.2216    3.01545
801    47.2842    2.50679
901    52.6623    3.04644
1001    58.9005    2.61683
1101    64.6758    2.58638
1201    70.2423    2.62788
1301    75.4524    2.5874
1401    81.1377    2.41117
1501    86.1798    2.63987
1601    91.2343    2.31665
1701    96.6779    2.44147
1801    102.121    2.63748
1901    107.926    2.4045
2001    113.058    2.24874
2101    118.526    2.35944
2201    124.125    2.42869
2301    129.7    2.36098
2401    135.188    2.36193
2501    140.386    2.20267
2601    145.109    2.47094
2701    150.737    2.35899
2801    156.275    2.34584
2901    162.218    2.84944
3001    167.109    2.17665
3101    172.343    2.15175
3201    177.152    2.47723
3301    183.075    2.33758
3401    189.317    2.14537
3501    195.363    2.09232
3601    201.003    2.30461
3701    206.131    2.19297
3801    211.157    2.13923
3901    216.58    2.14132
4001    222.134    2.24978
4101    227.693    2.1547
4201    232.46    2.32129
4301    237.986    2.19787
4401    242.876    2.07356
4501    247.575    2.33316
4601    253.092    2.33601
4701    258.195    2.04361
4801    263.533    2.28561
4901    269.173    2.17486
5001    274.26    2.22523
5101    279.921    2.12356
5201    285.426    2.29896
5301    290.558    2.05014
5401    295.543    2.28893
5501    300.421    2.16755
5601    305.967    2.08098
5701    311.263    2.47013
5801    315.867    2.15799
5901    321.188    1.99029
6001    327.307    2.25374
6101    332.034    2.00433
6201    336.695    1.99773
6301    342.143    2.46971
6401    347.472    2.16201
6501    352.686    2.26012
6601    357.818    2.44717
6701    362.844    2.07863
6801    367.837    1.96036
6901    372.871    2.2602
7001    378.04    2.0717
7101    383.644    2.25655
7201    388.862    2.14212
7301    393.839    2.12614
7401    398.463    2.1002
7501    403.542    2.03553
7601    408.31    2.17069
7701    413.651    2.03521
7801    418.55    2.17285
7901    424.436    2.19278
8001    429.838    2.49929
8101    435.237    2.17422
8201    440.857    2.23083
8301    445.977    2.04405
8401    451.797    1.96623
8501    456.942    2.10572
8601    461.656    2.10911
8701    467.268    2.21083
8801    472.924    1.94573
8901    478.605    1.97768
9001    484.045    2.00994
9101    489.103    2.27551
9201    494.694    2.04941
9301    499.884    2.07555
9401    504.824    1.9798
9501    509.641    2.10922
9601    515.076    2.02149
9701    520.544    2.05987
9801    525.865    2.42788
9901    531.005    1.90775
10001    536.146    1.90328
10101    541.127    2.06195
10201    546.288    1.8471
10301    551.338    2.07097
10401    556.745    1.98566
10501    561.57    2.23251
10601    566.575    2.0436
10701    571.97    2.03151
10801    576.844    1.94633
10901    582.709    1.9495
11001    588.087    1.97992
11101    593.015    1.9901
11201    598.835    2.1434
11301    603.82    2.12936
11401    609.276    2.00074
11501    614.703    1.90181
11601    620.245    2.03291
11701    625.541    2.4429
11801    630.161    2.15344
11901    636.142    1.91247
12001    641.204    1.99279
12101    646.763    1.92188
12201    651.94    1.9231
12301    656.986    2.07852
12401    663.073    2.06708
12501    668.238    2.18227
12601    672.993    1.91723
12701    678.433    1.96003
12801    683.807    1.98973
12901    689.385    2.0142
13001    695.308    2.0946
13101    699.757    1.94409
13201    705.716    1.9523
13301    711.266    2.05553
13401    716.472    1.96994
13501    721.711    1.81296
13601    726.598    1.85415
13701    731.816    1.80823
13801    737.714    1.8678
13901    743.412    1.90115
14001    749.031    1.94799
14101    753.873    1.97922
14201    758.792    1.92953
14301    763.666    2.08835
14401    768.418    1.98293
14501    773.599    2.08467
14601    778.523    1.8764
14701    783.766    2.17522
14801    789.234    1.91624
14901    794.857    1.82138
15001    800.244    1.85947
15101    805.425    1.92298
15201    811.225    1.87168
15301    815.989    2.06794
15401    821.195    1.9603
15501    826.298    1.90889
15601    831.599    2.05849
15701    837.169    1.96312
15801    843.153    2.02012
15901    848.474    1.84685
16001    853.471    1.87981
16101    858.264    1.97731
16201    863.207    2.00207
16301    867.996    2.03224
16401    873.472    1.8614
16501    878.359    1.81783
16601    883.237    2.09547
16701    888.578    1.91665
16801    894.243    1.88381
16901    899.838    2.07345
17001    904.802    1.91995
17101    910.541    1.84431
17201    916.447    1.90984
17301    922.01    1.89781
17401    927.543    1.80782
17501    932.68    1.80666
17601    938.041    1.90684
17701    943.534    2.00292
17801    949.346    1.94061
17901    955.126    1.7791
18001    960.606    1.9164
18101    965.931    1.99114
18201    971.194    2.03947
18301    976.253    2.01188
18401    981.422    2.07355
18501    986.948    1.84924
18601    991.99    1.91724
18701    996.868    1.95885
18801    1002.66    1.83385
18901    1007.98    1.80608
19001    1012.96    1.91933
19101    1018.54    1.93922
19201    1023.43    1.94741
19301    1028.91    1.86845
19401    1034.07    1.81899
19501    1039.05    1.76946
19601    1044.13    1.87138
19701    1049.43    1.90261
19801    1055.26    2.07101
19901    1060.55    2.00502
20001    1065.94    1.85797
20101    1071.33    1.91087
20201    1076.44    1.85231
20301    1081.79    1.98705
20401    1086.94    1.82924
20501    1092.15    2.04033
20601    1097.32    1.97461
20701    1102.35    1.75417
20801    1107.56    1.80537
20901    1112.56    1.89563
21001    1117.37    2.33352
21101    1123.05    1.78099
21201    1129.19    1.88269
21301    1134.6    1.80171
21401    1140.14    1.88315
21501    1145.37    1.77308
21601    1151.16    1.80948
21701    1156.35    1.83084
21801    1161.38    1.8566
21901    1166.65    1.80904
22001    1172.32    1.92289
22101    1177.75    1.9295
22201    1183.22    1.68506
22301    1188.16    1.80933
22401    1193.64    1.77377
22501    1198.93    1.88083
22601    1204.44    2.03335
22701    1209.86    1.90178
22801    1214.9    1.81156
22901    1220.62    1.70987
23001    1226.3    1.86657
23101    1231.24    1.85219
23201    1236.12    1.87129
23301    1241.02    1.88103
23401    1246.67    2.00666
23501    1251.82    1.82245
23601    1256.91    1.77142
23701    1262.5    1.90613
23801    1268.25    1.82585
23901    1273.37    1.86004
24001    1278.07    2.10998
24101    1282.96    1.84843
24201    1288.44    1.77506
24301    1293.19    1.78644
24401    1298.11    1.78722
24501    1303.51    1.76746
24601    1308.86    1.99799
24701    1313.78    2.00041
24801    1319.26    1.95513
24901    1324.14    1.89844
25001    1328.81    2.05803
25101    1334.15    1.88256
25201    1339.1    1.93033
25301    1344.01    1.98475
25401    1349.78    1.79828
25501    1355.3    1.87881
25601    1361.27    1.89554
25701    1366.45    2.07013
25801    1371.77    1.98195
25901    1376.93    1.84462
26001    1382.5    1.78508
26101    1387.45    1.794
26201    1392.96    1.98772
26301    1398.29    1.82675
26401    1403.27    1.88775
26501    1408.49    1.78989
26601    1413.79    1.92807
26701    1419.08    1.85882
26801    1423.92    1.86167
26901    1428.6    1.84507
27001    1433.71    1.80806
27101    1438.7    1.78543
27201    1443.62    1.9409
27301    1448.45    1.86264
27401    1454.25    1.96231
27501    1459.57    1.78367
27601    1464.8    1.93531
27701    1470.65    1.76041
27801    1475.31    2.36529
27901    1480.76    1.86373
28001    1485.98    1.79209
28101    1491.11    1.79151
28201    1496.4    1.72599
28301    1501.66    1.74937
28401    1506.9    1.8039
28501    1512.53    1.80101
28601    1517.64    1.8147
28701    1522.96    1.8808
28801    1527.6    1.81222
28901    1532.48    1.8274
29001    1537.29    1.90691
29101    1542.65    1.86133
29201    1548.14    2.03354
29301    1552.7    1.96929
29401    1558.12    3.02386
29501    1562.79    1.80405
29601    1568.26    1.7086
29701    1573.86    1.99063
29801    1579.04    1.76962
29901    1584.12    1.94639
30001    1589.84    1.81115
30101    1595.36    1.95886
30201    1600.81    1.85245
30301    1606.45    1.92611
30401    1611.94    1.83783
30501    1616.81    1.80994
30601    1621.71    1.94578
30701    1627.25    1.94826
30801    1632.99    2.01764
30901    1637.96    2.39542
31001    1643.11    1.7628
31101    1648.68    1.86882
31201    1654.16    1.87251
31301    1659.17    1.881
31401    1664.51    1.86202
31501    1669.96    1.83577
31601    1674.9    1.75532
31701    1680.09    1.80099
31801    1685.46    1.76612
31901    1690.66    1.83509
32001    1696.37    2.02546
32101    1701.77    2.03959
32201    1707.08    1.87221
32301    1712.08    1.77432
32401    1717.04    1.752
32501    1721.97    2.09253
32601    1727.19    1.86229
32701    1732.59    1.88097
32801    1737.54    1.74863
32901    1742.53    1.77495
33001    1746.96    1.8633
33101    1752.01    2.09792
33201    1757.04    1.96533
33301    1762.37    1.86357
33401    1767.68    1.74174
33501    1773.11    1.82429
33601    1778.38    1.8443
33701    1783.94    1.71091
33801    1789.39    1.93174
33901    1795.18    2.01005
34001    1799.86    1.79148
34101    1805.25    1.76603
34201    1810.65    1.77576
34301    1815.29    1.86921
34401    1820.45    1.80685
34501    1825.89    1.82295
34601    1831.04    2.07261
34701    1836.31    1.84248
34801    1841.53    1.8909
34901    1846.8    1.79042
35001    1851.65    1.71929
35101    1857.12    1.98918
35201    1861.97    1.8016
35301    1867.43    1.79863
35401    1873.06    1.81319
35501    1877.69    1.82157
35601    1883.09    1.80143
35701    1888.27    1.9222
35801    1894.08    1.67672
35901    1898.89    1.83459
36001    1904.23    1.80423
36101    1909.23    1.77569
36201    1914.28    1.9282
36301    1918.95    1.83663
36401    1924.71    1.91973
36501    1929.54    1.90931
36601    1935.33    1.85464
36701    1941    2.01235
36801    1946.39    1.75284
36901    1951.34    2.09899
37001    1956.5    1.97409
37101    1961.95    1.73002
37201    1967.6    1.78682
37301    1972.68    1.77311
37401    1978    1.81549
37501    1983.28    1.67885
37601    1988.54    1.75025
37701    1993.85    1.81636
37801    1998.97    1.86418
37901    2004.03    1.7239
38001    2009.67    1.78532
38101    2014.61    1.78922
38201    2020.42    1.79955
38301    2025.73    1.77466
38401    2031.6    1.89056
38501    2036.94    1.91594
38601    2042.35    1.70068
38701    2046.97    1.82677
38801    2052.83    1.94773
38901    2058.21    1.8301
39001    2063.59    1.72289
39101    2068.58    1.74476
39201    2074.01    1.66723
39301    2078.86    1.80743
39401    2084.15    1.79188
39501    2089.66    1.79479
39601    2094.88    1.76835
39701    2099.9    1.94655
39801    2104.94    1.78902
39901    2109.7    1.83001
40001    2114.77    1.74924
40101    2120.15    1.7457
40201    2125.59    1.68402
40301    2130.99    1.81056
40401    2136.61    1.85577
40501    2142.03    1.91614
40601    2147.59    1.83888
40701    2153    1.85288
40801    2158.44    1.96506
40901    2163.15    1.89671
41001    2168.87    1.86039
41101    2174    1.75413
41201    2179.04    2.26803
41301    2184.45    1.79343
41401    2190    1.79196
41501    2195.42    1.663
41601    2200.88    1.7664
41701    2206.2    1.73938
41801    2211.7    1.75489
41901    2216.77    1.72747
42001    2221.55    1.77973
42101    2226.11    1.92321
42201    2231.59    2.02851
42301    2236.62    1.71981
42401    2242.04    1.8473
42501    2247.18    1.69858
42601    2252.77    1.6785
42701    2258.09    1.71749
42801    2263.35    1.75994
42901    2268.68    1.64841
43001    2274.04    1.74539
43101    2279.45    1.77517
43201    2284.95    1.75204
43301    2290.96    1.75027
43401    2295.99    1.75447
43501    2301.93    1.94952
43601    2307.55    1.77548
43701    2312.78    1.74865
43801    2318.46    1.99043
43901    2324.69    1.8499
44001    2329.89    1.73271
44101    2335.26    1.79014
44201    2340.52    1.82692
44301    2345.62    1.67757
44401    2350.45    1.78704
44501    2355.99    1.88307
44601    2360.91    1.65841
44701    2365.66    1.81389
44801    2371.21    1.76392
44901    2376.86    1.75305
45001    2382.64    1.91368
45101    2388.07    1.77318
45201    2393.43    1.81148
45301    2398.63    1.84731
45401    2404.1    1.71363
45501    2409.64    1.80351
45601    2415.29    1.71934
45701    2420.62    2.10532
45801    2425.16    1.72891
45901    2430.52    1.91633
46001    2435.83    1.8113
46101    2441.42    1.98455
46201    2446.71    1.81245
46301    2452.04    1.8162
46401    2457.05    1.79633
46501    2461.83    1.86636
46601    2467.25    2.33232
46701    2472.44    1.92433
46801    2477.97    1.94667
46901    2483.27    1.90201
47001    2488.92    1.74876
47101    2494.23    1.71984
47201    2499.95    1.7779
47301    2505.13    1.87397
47401    2510.62    1.83475
47501    2516.34    1.91532
47601    2521.58    1.71647
47701    2527.3    1.82227
47801    2532.59    1.8188
47901    2538.64    1.941
48001    2543.37    1.93361
48101    2549.19    1.8047
48201    2554.29    1.94711
48301    2559.37    1.94128
48401    2564.74    1.80985
48501    2569.32    1.85252
48601    2574.75    1.65967
48701    2580.2    1.77696
48801    2585.4    1.80501
48901    2591.32    1.88558
49001    2596.27    1.85491
49101    2601.19    1.81851
49201    2606.41    1.82078
49301    2611.51    1.81924
49401    2616.67    1.77074
49501    2621.98    1.73614
49601    2627.08    1.90391
49701    2632.73    1.6554
49801    2638.38    1.7074
49901    2643.96    1.65815
50001    2648.6    1.65206
50101    2654.21    1.71613
50201    2659.73    1.76915
50301    2664.69    1.81251
50401    2670.71    1.72947
50501    2676.31    1.67915
50601    2681.17    1.78022
50701    2686.26    1.71911
50801    2691.66    1.78341
50901    2696.67    1.86283
51001    2702.48    1.70068
51101    2708.2    1.84378
51201    2713.99    1.74591
51301    2719.8    1.79333
51401    2726    1.73802
51501    2731.36    1.72488
51601    2736.73    1.77517
51701    2742.38    1.84032
51801    2747.63    1.75268
51901    2753.16    1.79915
52001    2758.99    1.71636
52101    2764.39    1.83275
52201    2769.51    1.88653
52301    2774.99    1.96808
52401    2780.54    1.83473
52501    2786.18    1.75428
52601    2791.08    1.72998
52701    2796.46    1.93949
52801    2801.86    1.86807
52901    2806.86    2.11166
53001    2812.33    1.69655
53101    2818.12    1.67678
53201    2823.07    1.90717
53301    2827.94    1.69032
53401    2832.83    1.94283
53501    2838.1    1.79496
53601    2843.44    1.74657
53701    2848.85    1.85689
53801    2853.87    1.80875
53901    2859.21    1.95638
54001    2864.44    1.86041
54101    2869.66    1.83438
54201    2874.99    1.65226
54301    2880.34    1.7736
54401    2885.11    1.90809
54501    2889.82    1.89512
54601    2895.25    1.70457
54701    2900.43    1.86385
54801    2905.69    1.87114
54901    2911.01    2.00367
55001    2916.72    1.91316
55101    2922.04    1.99133
55201    2927.04    1.96428
55301    2932.22    1.72205
55401    2937.29    1.79132
55501    2942.21    1.80701
55601    2947.41    1.78677
55701    2952.53    2.07716
55801    2958.1    1.79337
55901    2963.19    1.86777
56001    2968.42    1.79893
56101    2974.24    1.79684
56201    2979.28    1.80375
56301    2984.66    2.02965
56401    2989.64    1.66449
56501    2994.61    2.15428
56601    2999.62    1.64967
56701    3004.58    1.87849
56801    3009.84    1.84226
56901    3015.3    1.63252
57001    3020.89    1.77418
57101    3026.38    1.76629
57201    3032.1    1.73128
57301    3037.46    1.84509
57401    3043.13    1.83494
57501    3048.41    1.76746
57601    3053.24    1.88572
57701    3058.62    1.7744
57801    3063.69    2.00676
57901    3068.72    1.78288
58001    3073.8    1.79551
58101    3078.99    1.90605
58201    3084.19    1.71976
58301    3089.26    2.03507
58401    3094.33    1.92209
58501    3099.43    1.78759
58601    3104.62    1.83786
58701    3110.15    1.76085
58801    3115.63    2.11156
58901    3120.97    1.72359
59001    3126.33    1.69793
59101    3130.99    1.75805
59201    3135.87    1.68857
59301    3140.95    1.90106
59401    3146.17    2.0973
59501    3152.02    1.84147
59601    3157.43    1.67382
59701    3162.95    1.82762
59801    3168.1    1.73643
59901    3173.3    1.77089
60001    3179.05    1.8207
60101    3184.93    1.73006
60201    3190.71    1.81634
60301    3195.87    1.80253
60401    3201.04    1.74548
60501    3205.8    1.92311
60601    3211.02    1.78104
60701    3216.36    1.79203
60801    3221.36    1.7088
60901    3226.64    1.84831
61001    3231.84    1.74
61101    3237.59    1.66595
61201    3243.1    1.67869
61301    3248.4    1.78582
61401    3253.13    1.85448
61501    3258.33    1.76699
61601    3263.81    1.7517
61701    3269.05    1.62716
61801    3274.2    1.697
61901    3279.86    1.78456
62001    3285.57    1.84351
62101    3291.32    1.66688
62201    3296.76    1.79207
62301    3301.82    1.82507
62401    3306.98    1.84207
62501    3312.28    1.93664
62601    3317.55    1.7519
62701    3322.89    1.77668
62801    3328.57    1.97198
62901    3333.68    1.68067
63001    3338.79    1.75126
63101    3343.9    1.76363
63201    3349.34    1.82041
63301    3354.79    1.83922
63401    3359.7    1.83683
63501    3364.97    1.7244
63601    3370.14    1.71901
63701    3375.36    1.66271
63801    3380.7    1.88436
63901    3385.52    1.83441
64001    3390.8    1.80513
64101    3395.58    1.70481
64201    3400.59    1.76789
64301    3406.45    1.68341
64401    3411.8    1.7542
64501    3416.85    1.86307
64601    3422.22    1.71414
64701    3427.15    1.65474
64801    3432.54    1.65889
64901    3437.39    1.7522
65001    3442.93    1.80973
65101    3448.62    1.73182
65201    3453.48    1.62383
65301    3458.66    1.83372
65401    3464.16    1.76507
65501    3469.62    1.79106
65601    3474.69    1.78684
65701    3479.57    1.81202
65801    3484.65    1.91015
65901    3489.76    1.85266
66001    3494.48    1.66739
66101    3499.96    1.63308
66201    3505.09    1.79562
66301    3510.14    1.8412
66401    3515.25    1.57521
66501    3520.05    1.90643
66601    3525.2    1.90815
66701    3530.54    1.74056
66801    3536.09    1.77725
66901    3541.24    1.72701
67001    3547.03    1.71583
67101    3552.44    1.73452
67201    3557.69    1.68002
67301    3562.46    1.8169
67401    3568    1.77597
67501    3573.71    1.83251
67601    3578.89    1.87171
67701    3584.38    2.00551
67801    3589.98    1.6762
67901    3595.22    1.78948
68001    3600.72    1.78942
68101    3606.62    1.77185
68201    3612.18    1.82985
68301    3617.77    1.68286
68401    3623.05    1.81709
68501    3628.07    1.87425
68601    3633.2    1.82041
68701    3638.42    1.62228
68801    3643.55    1.71809
68901    3648.64    1.9345
69001    3654.19    1.78168
69101    3659.8    1.68636
69201    3664.56    1.80592
69301    3670.16    1.83881
69401    3675.7    1.72138
69501    3681.46    1.7609
69601    3686.9    2.0006
69701    3692.49    1.6521
69801    3698.39    1.68832
69901    3703.77    1.68197
70001    3709.53    1.63359
70101    3714.64    1.69072
70201    3719.59    1.73365
70301    3724.89    1.6095
70401    3730.55    1.65123
70501    3735.83    1.72636
70601    3741.49    1.70084
70701    3746.68    1.68631
70801    3752.08    1.78809
70901    3757.48    1.69093
71001    3762.84    1.80088
71101    3768.42    1.76663
71201    3773.32    1.72555
71301    3778.26    1.89421
71401    3783.29    1.83244
71501    3788.66    1.78105
71601    3793.95    1.80321
71701    3799.45    1.74426
71801    3804.91    1.70776
71901    3810.35    1.73686
72001    3815.5    1.77893
72101    3820.34    1.80915
72201    3825.86    1.8111
72301    3830.49    1.79201
72401    3835.38    1.8225
72501    3840.44    1.86582
72601    3845.52    1.85871
72701    3851.18    1.88993
72801    3856.7    1.90802
72901    3862.16    1.73499
73001    3867.24    1.70712
73101    3872.06    1.77723
73201    3877.31    1.86133
73301    3882.28    1.82388
73401    3886.98    1.79025
73501    3892.38    2.248
73601    3897.36    1.77765
73701    3902.45    1.72196
73801    3907.83    1.75879
73901    3913.21    1.81671
74001    3918.4    1.73429
74101    3924.16    1.68568
74201    3929.51    1.72721
74301    3935.4    1.79105
74401    3941.12    1.74014
74501    3946.28    1.68834
74601    3951.48    1.89524
74701    3956.25    1.70999
74801    3962.06    1.8894
74901    3967.42    1.8661
75001    3972.48    1.83729
75101    3976.84    1.80137
75201    3982.24    2.22739
75301    3987.65    2.01701
75401    3992.83    2.18398
75501    3998    1.87471
75601    4002.99    1.93327
75701    4009.05    2.09933
75801    4014.32    1.89245
75901    4019.24    1.69893
76001    4023.77    1.8169
76101    4028.56    1.78028
76201    4033.83    1.75091
76301    4038.83    1.76452
76401    4043.83    1.76014
76501    4048.95    1.75147
76601    4053.86    1.92256
76701    4058.82    1.71999
76801    4064.72    1.73932
76901    4069.74    1.62545
77001    4074.5    1.72154
77101    4080.06    1.71915
77201    4084.77    1.76728
77301    4089.84    1.72588
77401    4095.42    1.71765
77501    4100.94    1.6737
77601    4106.56    1.73457
77701    4111.64    1.87317
77801    4116.64    1.6777
77901    4121.87    1.72976
78001    4127.43    1.85977
78101    4132.93    1.73961
78201    4138.12    1.80346
78301    4143.47    1.77692
78401    4148.33    1.76191
78501    4154.58    1.77854
78601    4160.68    1.69942
78701    4166.37    1.79596
78801    4172.27    1.87459
78901    4177.39    1.79592
79001    4182.49    1.95987
79101    4187.9    1.8287
79201    4193.09    1.82417
79301    4198.33    1.73504
79401    4203.83    1.64532
79501    4209.12    1.66692
79601    4214.61    1.7494
79701    4219.93    1.6523
79801    4225.47    1.77468
79901    4231.13    1.89851
80001    4235.94    1.86723
80101    4241.51    1.74221
80201    4246.81    1.7653
80301    4251.89    1.79202
80401    4256.67    1.89765
80501    4261.78    1.69592
80601    4266.59    1.76589
80701    4271.94    1.67298
80801    4277.39    1.71103
80901    4282.33    1.70682
81001    4287.16    1.83222
81101    4292.17    1.94724
81201    4297.88    1.79071
81301    4303.11    1.79887
81401    4307.7    1.79167
81501    4312.46    1.64901
81601    4317.36    1.72595
81701    4322.53    1.89719
81801    4327.94    1.86183
81901    4333.62    1.7854
82001    4338.68    1.77832
82101    4344.19    1.95989
82201    4350.15    1.63935
82301    4355.36    1.71813
82401    4360.82    1.60681
82501    4365.93    1.66688
82601    4371.05    1.80208
82701    4376.77    1.67574
82801    4382.46    1.64258
82901    4387.45    1.74025
83001    4392.9    1.75675
83101    4398.06    1.62756
83201    4403.72    1.7694
83301    4408.79    2.04131
83401    4414.41    1.65165
83501    4419.4    1.84777
83601    4424.25    1.90404
83701    4429.79    1.70195
83801    4435.41    1.66892
83901    4440.4    1.76156
84001    4446.39    1.70158
84101    4451.87    1.81787
84201    4457.22    1.80803
84301    4462.15    1.8408
84401    4467.54    1.67887
84501    4472.2    1.70425
84601    4477.41    1.74138
84701    4482.51    1.74846
84801    4488.33    1.74534
84901    4493.15    1.73486
85001    4498.72    1.72312
85101    4504.55    1.72211
85201    4509.55    1.65898
85301    4514.9    1.6403
85401    4520.1    1.71163
85501    4525.51    1.64411
85601    4530.64    1.71858
85701    4536.15    1.60768
85801    4541.98    1.82531
85901    4547.15    1.64329
86001    4552.47    1.82705
86101    4558.15    1.84446
86201    4563.58    1.78099
86301    4569.01    1.72519
86401    4574.95    1.75101
86501    4580.41    1.75271
86601    4585.18    1.84969
86701    4590.33    1.72376
86801    4595.38    1.74624
86901    4600.97    1.68124
87001    4606.48    1.64154
87101    4611.94    1.76513
87201    4617.17    1.65823
87301    4622.15    1.90245
87401    4627.21    1.77664
87501    4632.61    1.77093
87601    4637.9    1.75911
87701    4643.35    1.79003
87801    4648.69    1.74732
87901    4653.92    1.76375
88001    4659.48    1.73587
88101    4664.73    1.78254
88201    4670.03    1.80044
88301    4675.38    1.92356
88401    4680.4    1.62579
88501    4685.19    1.71164
88601    4690.66    1.71207
88701    4695.73    1.71591
88801    4701.69    1.79697
88901    4706.49    1.81252
89001    4711.58    1.89917
89101    4716.95    1.8736
89201    4722.09    1.90633
89301    4726.98    1.65144
89401    4732.38    1.83619
89501    4738.03    1.76871
89601    4742.84    1.67648
89701    4747.72    1.79341
89801    4753.01    1.6595
89901    4758.17    1.81481
90001    4763.38    1.80843
90101    4769.1    1.86058
90201    4774.73    1.79632
90301    4780.44    1.84824
90401    4786.09    1.64113
90501    4791.48    1.70686
90601    4796.26    1.67649
90701    4801.6    1.78693
90801    4807.14    1.88809
90901    4813.06    1.69709
91001    4818.68    1.74375
91101    4824.07    1.61524
91201    4829.12    1.90165
91301    4835.1    1.79298
91401    4840.37    1.67048
91501    4845.97    1.65863
91601    4851.02    1.74505
91701    4855.78    1.65612
91801    4860.76    1.80751
91901    4866.35    1.64427
92001    4871.79    1.79812
92101    4877.03    1.8782
92201    4881.91    1.72693
92301    4887.89    1.80718
92401    4893.86    1.71818
92501    4899.46    1.66209
92601    4903.85    1.73619
92701    4909.71    1.7389
92801    4915.13    1.66255
92901    4920.55    1.92328
93001    4925.6    1.9044
93101    4931.15    1.99953
93201    4936.34    1.80343
93301    4941.18    1.73757
93401    4945.99    1.96161
93501    4950.86    1.78197
93601    4956.3    1.85003
93701    4962.27    1.64522
93801    4967.93    1.73459
93901    4972.61    1.70679
94001    4977.91    1.62318
94101    4982.85    1.98666
94201    4988.69    1.86589
94301    4994.2    1.83093
94401    4999.52    2.13177
94501    5004.6    2.01514
94601    5009.46    1.73765
94701    5014.31    1.66885
94801    5019.63    1.68587
94901    5025.3    1.74186
95001    5030.32    1.60021
95101    5036.51    1.70987
95201    5041.97    1.69668
95301    5047.16    1.73887
95401    5052.39    1.60386
95501    5057.53    1.69144
95601    5063.03    1.61181
95701    5068.87    1.77685
95801    5074.97    1.76568
95901    5080.9    1.80448
96001    5085.42    1.87717
96101    5090.99    1.65983
96201    5096.37    1.7041
96301    5101.97    1.80267
96401    5107.1    1.68781
96501    5112.24    1.77586
96601    5117.37    1.66125
96701    5122.17    1.86509
96801    5126.97    1.77535
96901    5132.88    1.66917
97001    5137.94    1.7282
97101    5143.41    1.79207
97201    5149.63    1.67471
97301    5154.4    1.65358
97401    5159.66    1.7209
97501    5165.4    1.71307
97601    5170.25    1.64252
97701    5175.52    1.76267
97801    5180.49    1.86146
97901    5186.32    1.76291
98001    5192.33    1.64125
98101    5197.44    1.76417
98201    5203.02    1.72125
98301    5208.73    1.64638
98401    5214.4    1.57243
98501    5219.56    1.84253
98601    5224.56    1.63723
98701    5229.95    1.73967
98801    5235.25    1.70477
98901    5240.85    1.7005
99001    5245.73    1.71327
99101    5251.78    1.70301
99201    5257.5    1.7299
99301    5262.79    1.73485
99401    5268.21    1.91464
99501    5273.72    1.66059
99601    5278.52    1.77556
99701    5283.8    1.77189
99801    5288.89    1.74942
99901    5294.72    1.78855
100001    5299.8    1.74149
100101    5304.55    1.84332
100201    5310.01    1.7354
100301    5314.88    1.79816
100401    5319.57    1.67744
100501    5324.75    1.72177
100601    5330.58    1.67113
100701    5335.66    1.67576
100801    5340.87    1.62408
100901    5345.51    1.70774
101001    5350.51    1.67795
101101    5356.07    1.67104
101201    5361.41    1.7376
101301    5366    1.82369
101401    5371.37    1.8103
101501    5376.44    1.82701
101601    5381.71    1.81755
101701    5386.67    2.15934
101801    5391.89    1.66077
101901    5396.85    1.63838
102001    5402.1    1.65352
102101    5406.92    1.69204
102201    5411.9    1.86918
102301    5416.76    1.77383
102401    5422.58    1.65709
102501    5427.23    1.91581
102601    5433.02    1.7171
102701    5438.2    1.75084
102801    5443.15    1.69351
102901    5448.12    1.71529
103001    5452.96    1.72018
103101    5457.96    1.75624
103201    5463.26    1.72675
103301    5468.45    1.76102
103401    5473.8    1.78103
103501    5479.5    2.2279
103601    5484.9    1.63413
103701    5490.05    1.68235
103801    5495.41    1.6835
103901    5500.58    1.69938
104001    5505.56    1.73154
104101    5510.24    1.72159
104201    5515.46    1.78746
104301    5520.69    1.72833
104401    5525.52    1.84084
104501    5530.48    1.6754
104601    5535.58    1.72905
104701    5540.27    1.86546
104801    5545.53    1.75411
104901    5550.87    1.78725
105001    5556.07    1.7647
105101    5561.22    1.68077
105201    5565.99    1.78848
105301    5571.67    1.84697
105401    5576.29    1.68448
105501    5581.72    1.83516
105601    5586.9    1.70511
105701    5592.08    1.80547
105801    5597.04    1.74401
105901    5602.42    1.78935
106001    5608.05    1.95097
106101    5612.81    1.77498
106201    5618.39    1.79178
106301    5623.52    1.71466
106401    5628.74    1.6161
106501    5634.4    1.79775
106601    5639.9    1.85715
106701    5645.14    1.69138
106801    5650.2    1.62351
106901    5655.59    1.65134
107001    5660.91    1.80254
107101    5666.3    1.81488
107201    5671.32    1.85058
107301    5676.4    1.98002
107401    5681.15    1.64636
107501    5686.64    1.60315
107601    5691.29    1.84574
107701    5696.28    1.79018
107801    5701.85    1.68196
107901    5707.1    1.82678
108001    5711.81    1.76138
108101    5717.04    1.65718
108201    5722.33    1.76721
108301    5727.49    1.66357
108401    5732.41    1.7295
108501    5738.02    1.68446
108601    5743.1    1.74566
108701    5748.92    1.70387
108801    5753.53    1.74997
108901    5758.35    1.63892
109001    5763.21    1.7815
109101    5769.04    1.7207
109201    5774.38    1.69725
109301    5778.94    1.6963
109401    5783.69    1.679
109501    5788.92    1.76604
109601    5794.84    1.84462
109701    5800.55    1.81622
109801    5805.7    1.6784
109901    5811.44    1.77315
110001    5817.26    1.68021
110101    5823.05    1.67676
110201    5828.8    1.66971
110301    5833.9    1.76361
110401    5839.36    1.70447
110501    5844.66    1.69556
110601    5849.97    1.78479
110701    5855.7    1.76444
110801    5861.18    1.68882
110901    5866.93    1.79495
111001    5871.53    1.80688
111101    5876.08    1.60043
111201    5880.92    1.69425
111301    5886.24    1.76513
111401    5890.94    1.67491
111501    5897.13    1.66378
111601    5902.37    1.68236
111701    5907.84    1.82435
111801    5912.64    1.95724
111901    5917.91    1.84004
112001    5923.88    1.70612
112101    5929.34    2.02492
112201    5935.42    1.64225
112301    5940.65    1.69701
112401    5945.37    1.70606
112501    5949.96    1.70998
112601    5954.77    1.69583
112701    5959.94    1.76011
112801    5964.85    1.61991
112901    5970.96    1.76208
113001    5976.12    1.67815
113101    5981.1    1.65913
113201    5986.83    1.8263
113301    5992.08    1.849
113401    5996.7    2.16965
113501    6002.6    1.78189
113601    6007.92    1.65799
113701    6012.33    1.71164
113801    6017.52    1.78892
113901    6022.27    1.86768
114001    6027.32    1.607
114101    6032.15    1.73453
114201    6037.05    1.65866
114301    6042.01    1.70008
114401    6046.56    1.73222
114501    6051.41    1.69252
114601    6056.25    1.7474
114701    6061.47    1.73906
114801    6066.8    1.77398
114901    6072.57    1.70489
115001    6078.48    1.69437
115101    6083.67    1.7112
115201    6090.04    1.68158
115301    6095.29    1.69641
115401    6100.85    1.68525
115501    6105.9    1.72512
115601    6111.2    1.71455
115701    6116.8    1.77305
115801    6122.05    1.7365
115901    6127.54    1.83823
116001    6132.43    1.74163
116101    6137.99    1.74341
116201    6143.04    1.63094
116301    6148.53    1.69802
116401    6154.28    1.68785
116501    6159.32    1.76669
116601    6164.2    1.8781
116701    6168.94    1.81724
116801    6174.54    1.6579
116901    6180.6    1.72369
117001    6185.96    1.67257
117101    6191.79    1.63021
117201    6196.73    1.74665
117301    6201.59    1.74001
117401    6206.96    1.68576
117501    6212.24    1.7446
117601    6217.48    1.84669
117701    6222.65    1.74682
117801    6228.3    1.71922
117901    6234.08    1.8728
118001    6239.55    1.75111
118101    6245.36    1.74324
118201    6250.36    1.78747
118301    6256.53    1.68448
118401    6261.53    1.94239
118501    6266.93    1.87871
118601    6271.68    1.83802
118701    6277.36    1.72021
118801    6282.88    1.62983
118901    6287.59    1.66194
119001    6293.49    1.75575
119101    6299.55    1.88669
119201    6304.3    1.94144
119301    6309.81    1.73043
119401    6314.75    1.75188
119501    6319.6    1.67306
119601    6324.37    1.69404
119701    6329.61    1.79004
119801    6334.31    1.92478
119901    6339.62    1.74462
120001    6344.65    1.78918
120101    6350.22    1.84057
120201    6355.26    1.75293
120301    6360.17    1.64938
120401    6364.81    1.7309
120501    6369.99    1.71947
120601    6375.6    1.64814
120701    6380.65    1.74822
120801    6385.64    1.774
120901    6390.45    1.7786
121001    6395.49    1.80822
121101    6400.34    1.82233
121201    6406.09    1.78329
121301    6411.57    1.69913
121401    6417.13    1.74825
121501    6422.78    1.89709
121601    6428.46    1.945
121701    6434.43    1.73133
121801    6439.19    1.86821
121901    6443.93    1.7762
122001    6449.69    1.70804
122101    6454.53    1.76207
122201    6459.99    1.80714
122301    6465.67    1.78065
122401    6471.84    1.80894
122501    6477.13    1.89928
122601    6481.86    1.75423
122701    6487.94    1.86775
122801    6493.54    1.78519
122901    6498.83    1.76601
123001    6504.38    1.67676
123101    6509.36    1.7945
123201    6514.62    1.79311
123301    6519.67    2.10848
123401    6525.14    1.72098
123501    6530.83    1.73666
123601    6536    1.67484
123701    6541.56    1.77446
123801    6547.77    1.70415
123901    6553.11    1.69191
124001    6558.97    1.73649
124101    6564.48    1.77694
124201    6569.79    1.57008
124301    6575.17    1.68401
124401    6579.78    1.65019
124501    6584.71    1.73981
124601    6589.73    1.78403
124701    6594.3    1.7134
124801    6600.09    1.76654
124901    6605.2    1.73223
125001    6610.02    1.74418
125101    6615.61    1.65465
125201    6621.25    1.74248
125301    6627.22    1.78339
125401    6632.65    1.65725
125501    6637.43    1.71677
125601    6642.26    1.71392
125701    6647.03    1.63049
125801    6652.53    1.60467
125901    6657.61    1.71037
126001    6663.3    1.6517
126101    6667.98    1.69892
126201    6673.57    1.70048
126301    6679.34    1.67145
126401    6685.1    1.70802
126501    6690.07    1.60652
126601    6695.34    1.7629
126701    6700.26    1.79092
126801    6705.49    1.6997
126901    6710.64    1.63843
127001    6715.29    1.74682
127101    6720.88    1.72383
127201    6725.98    1.76595
127301    6731.75    1.65039
127401    6737.2    1.74245
127501    6742.64    1.62206
127601    6747.8    1.69319
127701    6753.45    1.66438
127801    6758.62    1.92885
127901    6763.99    1.6847
128001    6769.3    1.65226
128101    6775.4    1.80408
128201    6781.64    1.67838
128301    6786.6    1.72602
128401    6792.12    1.72334
128501    6797.26    1.84923
128601    6802.61    1.78335
128701    6807.52    1.70514
128801    6813.13    1.72502
128901    6817.78    1.83513
129001    6823.29    1.66381
129101    6828.16    1.65031
129201    6833.25    1.72089
129301    6837.82    1.56377
129401    6842.91    1.59741
129501    6848.15    1.72174
129601    6853.21    1.76136
129701    6858.37    1.73613
129801    6863.77    1.64884
129901    6868.57    1.78286
130001    6873.43    2.03725
130101    6878.63    1.72843
130201    6883.6    1.79477
130301    6888.39    1.68263
130401    6893.75    1.67975
130501    6899.11    1.79881
130601    6904.91    1.86259
130701    6910.21    1.76214
130801    6915.25    1.76751
130901    6920.25    1.72792
131001    6925.46    1.71206
131101    6930.34    2.00069
131201    6935.43    1.77222
131301    6940.85    1.7244
131401    6946.09    1.90049
131501    6951.09    1.81596
131601    6956.97    1.92823
131701    6963.16    1.66611
131801    6968.06    1.88003
131901    6972.96    2.00232
132001    6977.97    1.88628
132101    6982.98    1.66962
132201    6988.59    1.67617
132301    6994.24    1.73183
132401    6998.95    1.78332
132501    7004.34    1.7437
132601    7010    1.6959
132701    7015.22    1.71398
132801    7020.52    1.75767
132901    7026.2    1.84048
133001    7031.88    1.74828
133101    7037.25    1.68119
133201    7042.32    1.70499
133301    7047.77    1.74673
133401    7052.35    1.83026
133501    7057.81    1.70248
133601    7063.01    1.87641
133701    7068.51    1.69781
133801    7074.05    1.72632
133901    7079.1    1.80929
134001    7084.55    1.75932
134101    7089.79    1.93567
134201    7095.53    2.26653
134301    7100.17    1.97689
134401    7105.73    1.93079
134501    7110.41    1.93929
134601    7114.9    1.91044
134701    7120.23    1.63526
134801    7125.23    1.73287
134901    7129.92    1.83725
135001    7134.24    1.66309
135101    7139.03    1.60483
135201    7143.96    1.72113
135301    7148.97    1.66
135401    7154.48    1.76116
135501    7159.69    1.87634
135601    7165.3    1.7744
135701    7171.4    1.70624
135801    7176.58    1.64021
135901    7181.96    1.72828
136001    7186.78    1.79194
136101    7192.54    1.79692
136201    7197.69    1.71616
136301    7202.32    1.82344
136401    7207.33    1.6848
136501    7212.97    1.66788
136601    7218.09    1.80276
136701    7223.18    1.634
136801    7228.05    1.60567
136901    7233.39    1.57385
137001    7238.22    1.65832
137101    7244.23    1.69971
137201    7249.04    1.70594
137301    7254.24    1.74305
137401    7259.75    1.69471
137501    7265.02    1.71664
137601    7270.09    1.67445
137701    7275.98    1.71008
137801    7281.52    1.75733
137901    7286.52    1.89688
138001    7291.36    1.86305
138101    7296.34    1.80066
138201    7301.56    1.75538
138301    7306.63    1.73385
138401    7311.81    1.73098
138501    7317.24    1.82304
138601    7322.21    1.74953
138701    7327.16    1.69118
138801    7332.16    1.80263
138901    7336.79    1.83292
139001    7341.57    1.75225
139101    7346.84    1.75579
139201    7351.16    1.8168
139301    7356.36    1.7829
139401    7361.11    1.72261
139501    7366.87    1.77342
139601    7372.35    1.63291
139701    7377.88    1.7893
139801    7382.31    1.90179
139901    7387.59    1.73015
140001    7392.85    1.67463
140101    7398.4    1.67649
140201    7403.45    1.80674
140301    7408.67    1.65947
140401    7414.13    1.8276
140501    7419.54    1.73027
140601    7424.7    1.73382
140701    7430.25    1.73368
140801    7435.87    1.63557
140901    7441.06    1.93883
141001    7445.72    1.81513
141101    7450.51    1.79612
141201    7455.38    1.81219
141301    7460.37    1.74254
141401    7465.76    1.6806
141501    7470.44    1.67848
141601    7476.19    1.67896
141701    7481.95    1.72557
141801    7487.73    1.62758
141901    7492.89    1.74014
142001    7497.97    1.83636
142101    7503.03    1.69134
142201    7508.71    1.65336
142301    7513.89    1.72578
142401    7518.59    1.74592
142501    7522.98    1.93253
142601    7527.75    1.63435
142701    7533.49    1.74924
142801    7539.11    1.71017
142901    7543.58    1.68379
143001    7548.18    1.75085
143101    7554.24    1.67887
143201    7559.83    1.79762
143301    7565.04    1.67346
143401    7570.94    1.78846
143501    7576.21    1.65035
143601    7581.65    1.72349
143701    7587.14    1.80726
143801    7592.94    1.92875
143901    7597.66    1.80455
144001    7603.05    1.79765
144101    7608.07    1.76913
144201    7613.71    1.69423
144301    7618.51    1.86896
144401    7623.36    1.72549
144501    7628.32    1.6867
144601    7633.75    1.71097
144701    7639.52    1.63684
144801    7645.25    1.69457
144901    7650.64    1.68215
145001    7656.1    1.65104
145101    7661.75    1.62198
145201    7666.43    1.73
145301    7672.35    1.71523
145401    7677.87    1.69313
145501    7683.13    1.57115
145601    7688.59    1.68362
145701    7693.59    1.76414
145801    7699.79    1.79056
145901    7705    1.79889
146001    7710.6    1.7767
146101    7715.32    1.65456
146201    7720.5    1.69675
146301    7725.94    1.77364
146401    7731.39    1.86445
146501    7736.3    1.73472
146601    7742.34    1.71946
146701    7748    1.61857
146801    7753.55    1.67866
146901    7758.22    1.68477
147001    7763.8    1.66893
147101    7768.31    1.77643
147201    7773.52    1.68554
147301    7779    1.80373
147401    7784.23    1.67727
147501    7789.92    1.716
147601    7794.46    1.75049
147701    7799.55    1.64584
147801    7804.36    1.71141
147901    7809.28    1.73412
148001    7814.56    2.25523
148101    7819.37    1.82014
148201    7825.35    1.76287
148301    7830.67    1.62007
148401    7835.89    1.67414
148501    7841.34    1.80709
148601    7846.49    1.87883
148701    7851.22    1.82005
148801    7856.8    1.91673
148901    7862.33    1.82419
149001    7867.26    1.7024
149101    7872.75    1.79329
149201    7878.11    1.85211
149301    7884.35    1.69581
149401    7890.12    1.7351
149501    7895.63    1.62319
149601    7900.73    1.67805
149701    7906.23    1.64841
149801    7910.71    1.8524
149901    7915.79    1.78138
150001    7921.28    1.72591
150101    7927.28    1.91862
150201    7933.19    1.76434
150301    7938.31    1.79958
150401    7943.32    1.72588
150501    7948.32    1.67452
150601    7953.17    1.76372
150701    7958.78    1.85311
150801    7964.08    1.68585
150901    7969.05    1.81886
151001    7974.63    1.78841
151101    7980.16    1.71436
151201    7984.82    1.70997
151301    7989.38    1.79876
151401    7994.56    1.69747
151501    7999.27    1.7509
151601    8003.76    1.82703
151701    8008.93    1.74908
151801    8014.39    1.76714
151901    8019.48    1.59266
152001    8025.17    1.78136
152101    8029.94    1.76932
152201    8035.59    1.64241
152301    8040.8    1.75617
152401    8046.42    1.7105
152501    8052.13    1.88836
152601    8057    1.61308
152701    8061.45    1.77211
152801    8066.99    1.66417
152901    8071.93    1.57171
153001    8077.18    1.75473
153101    8082.65    1.61123
153201    8088.46    1.70715
153301    8093.31    1.67321
153401    8098.77    1.61184
153501    8104.35    1.76468
153601    8109.87    1.82572
153701    8115.85    2.01018
153801    8121.45    1.7083
153901    8127.04    1.78301
154001    8132.3    1.75257
154101    8137.16    1.7842
154201    8142.17    1.6905
154301    8146.9    1.67449
154401    8152.44    1.75183
154501    8157.28    1.73957
154601    8162.08    1.66923
154701    8166.77    1.60183
154801    8172.14    1.70511
154901    8177.17    1.74536
155001    8182.46    1.72817
155101    8187.03    1.75813
155201    8191.83    1.77864
155301    8197.32    1.71848
155401    8201.97    1.6809
155501    8207.12    1.67882
155601    8212.07    1.71457
155701    8217.65    1.71798
155801    8222.85    1.81412
155901    8228.22    1.84362
156001    8233.81    1.73072
156101    8238.75    1.91351
156201    8243.71    1.64363
156301    8248.88    1.6605
156401    8254.24    1.76023
156501    8258.97    1.84632
156601    8264.86    1.77555
156701    8269.94    1.74099
156801    8274.46    1.68382
156901    8280.44    1.73252
157001    8285.4    1.70148
157101    8290.03    1.80484
157201    8294.98    1.81655
157301    8300.17    1.75648
157401    8305.13    1.7338
157501    8311.02    1.63336
157601    8316.69    1.72743
157701    8322.79    1.67475
157801    8327.25    1.70275
157901    8332.05    1.80031
158001    8336.92    1.67469
158101    8342.09    1.71317
158201    8347.14    1.71804
158301    8351.9    1.72426
158401    8357.87    1.63439
158501    8363.65    1.63626
158601    8369.03    1.84173
158701    8373.83    1.76007
158801    8378.86    1.80394
158901    8384.12    1.98851
159001    8389.99    1.85876
159101    8395.71    1.73687
159201    8401.74    1.79092
159301    8407.33    1.68465
159401    8412.18    1.79054
159501    8417.55    1.65183
159601    8422.34    1.73384
159701    8428.34    1.71246
159801    8433.98    1.74549
159901    8438.47    1.74254
160001    8443.62    1.78836
160101    8448.32    1.76672
160201    8452.92    1.85685
160301    8458.9    1.83708
160401    8463.74    1.69471
160501    8469.09    1.68992
160601    8473.69    1.80717
160701    8479.45    1.71472
160801    8484.95    1.78211
160901    8490.19    1.7504
161001    8495.88    1.65792
161101    8500.73    1.82097
161201    8506.01    1.67738
161301    8511.39    1.94632
161401    8516.37    2.27771
161501    8521.55    1.83706
161601    8527.1    1.73689
161701    8532.51    1.6446
161801    8536.88    1.67244
161901    8542.52    1.68843
162001    8548.12    1.62481
162101    8553.55    1.69157
162201    8559.3    1.66118
162301    8564.6    1.73083
162401    8569.75    1.74495
162501    8575.09    1.80385
162601    8579.77    1.94024
162701    8585.54    1.69191
162801    8590.32    1.64763
162901    8595.8    1.88008
163001    8601.35    1.95128
163101    8606.19    1.68417
163201    8611.68    1.63507
163301    8616.45    1.67425
163401    8621.8    1.67722
163501    8627.06    1.64997
163601    8631.69    1.8386
163701    8637.23    1.64358
163801    8642.74    2.05356
163901    8647.9    1.82944
164001    8652.59    1.73323
164101    8657.52    1.84392
164201    8663.17    1.68228
164301    8668.12    1.62212
164401    8672.92    1.82836
164501    8678.76    1.76065
164601    8684.02    1.6971
164701    8688.73    1.68257
164801    8693.88    1.76925
164901    8699.03    1.71368
165001    8704.29    1.69068
165101    8709.21    1.65176
165201    8714.38    1.70433
165301    8719.65    1.72198
165401    8724.42    1.73485
165501    8730.11    1.71905
165601    8735.36    1.71593
165701    8739.96    1.69308
165801    8745.26    1.62003
165901    8751.27    1.74023
166001    8756.2    1.67946
166101    8760.79    1.72758
166201    8765.51    1.72448
166301    8771.13    1.79301
166401    8775.93    1.7222
166501    8781.56    1.67494
166601    8787.02    1.73873
166701    8791.67    1.71185
166801    8796.98    1.70513
166901    8802.05    1.79734
167001    8806.99    1.71597
167101    8811.44    1.95246
167201    8815.78    1.64668
167301    8820.79    1.80869
167401    8825.49    1.81531
167501    8830.36    1.72783
167601    8835.07    1.79184
167701    8840.06    1.76521
167801    8845.16    1.68061
167901    8850.08    1.71439
168001    8855.4    1.61716
168101    8860.55    1.65135
168201    8864.99    1.7299
168301    8870.66    1.63502
168401    8875.3    1.68552
168501    8880.99    1.78437
168601    8887.1    1.71262
168701    8892.1    1.86319
168801    8897.04    1.69251
168901    8902.63    1.63431
169001    8908.18    1.64376
169101    8913.63    1.68081
169201    8918.53    1.80635
169301    8924.1    2.12234
169401    8929.09    2.23756
169501    8934.56    1.66429
169601    8939.57    1.6711
169701    8945.28    1.73873
169801    8950.25    1.66051
169901    8956.05    1.65238
170001    8961.43    1.70876
170101    8966.39    1.9961
170201    8971.31    1.80035
170301    8976.52    1.80352
170401    8981.51    1.74687
170501    8986.71    2.0373
170601    8991.79    1.96993
170701    8996.49    2.45774
170801    9001.45    1.64091
170901    9006.3    1.70031
171001    9011.27    1.66456
171101    9015.6    1.68311
171201    9020.97    1.75829
171301    9026.36    1.63983
171401    9031.49    1.75315
171501    9036.35    1.75331
171601    9042.14    1.74702
171701    9046.5    1.62915
171801    9051.25    1.77664
171901    9057.08    1.69177
172001    9062.6    1.62601
172101    9068.05    1.75583
172201    9073.16    1.76527
172301    9078.55    1.80419
172401    9084.24    1.7786
172501    9089.91    1.73872
172601    9095.51    1.52982
172701    9100.99    1.84108
172801    9107.16    1.62728
172901    9113.02    1.71676
173001    9118.13    1.65245
173101    9123.15    1.76812
173201    9128.37    1.64588
173301    9133.94    1.66843
173401    9138.52    1.6366
173501    9143.68    1.82576
173601    9148.4    1.72234
173701    9153.1    1.72705
173801    9157.66    1.70447
173901    9162.68    1.88036
174001    9168.3    1.63032
174101    9173.19    1.6119
174201    9178.67    1.6231
174301    9183.68    1.65909
174401    9188.9    1.68966
174501    9193.53    1.70208
174601    9198.56    1.68176
174701    9204.12    1.68611
174801    9209.97    1.78211
174901    9215.16    1.68617
175001    9220.56    1.74687
175101    9225.74    1.65921
175201    9230.88    1.66426
175301    9236.14    1.72601
175401    9240.82    1.75182
175501    9246.4    1.75077
175601    9252.21    1.67224
175701    9257.66    1.7458
175801    9262.84    1.71
175901    9267.54    1.80597
176001    9272.96    1.81023
176101    9278.2    1.683
176201    9283.66    1.67874
176301    9289.03    1.71484
176401    9294.23    1.74552
176501    9300.34    1.75335
176601    9305.13    1.64082
176701    9310.27    1.68096
176801    9315.83    1.65884
176901    9321.46    1.59105
177001    9326.99    1.72693
177101    9331.93    1.66793
177201    9337.01    1.75088
177301    9342.02    1.78661
177401    9347.22    1.796
177501    9352.22    1.74765
177601    9357.87    1.56612
177701    9363.54    1.65818
177801    9369.11    1.69046
177901    9374.85    1.88933
178001    9379.79    1.83804
178101    9384.71    1.7557
178201    9390.49    1.69369
178301    9395.28    1.6327
178401    9400.47    1.72863
178501    9405.88    1.70405
178601    9410.85    1.70245
178701    9415.62    1.81742
178801    9420.84    1.6317
178901    9425.81    1.6177
179001    9430.7    1.60662
179101    9436.23    1.65311
179201    9440.8    1.62187
179301    9446.31    1.72617
179401    9451.88    1.67282
179501    9457.26    1.66731
179601    9462.6    1.60355
179701    9467.56    1.62454
179801    9473.16    1.73736
179901    9478.25    1.75621
180001    9484.15    1.74942
180101    9489.03    1.60711
180201    9494.74    1.67361
180301    9500.13    1.78141
180401    9504.78    1.83655
180501    9510.33    1.67968
180601    9515.92    1.82247
180701    9521.16    1.7507
180801    9526.41    1.69175
180901    9530.86    1.69437
181001    9535.79    1.71677
181101    9540.53    1.69887
181201    9545.8    1.60138
181301    9551.16    1.67511
181401    9556.25    1.63447
181501    9561.61    1.73531
181601    9566.45    1.6671
181701    9571.84    1.66162
181801    9576.69    1.71916
181901    9581.01    1.79015
182001    9586.25    1.83261
182101    9591.92    1.67044
182201    9597.25    1.73988
182301    9602.45    1.77187
182401    9607.87    1.632
182501    9612.89    1.73188
182601    9618.78    1.63262
182701    9623.35    1.67706
182801    9628.25    1.64169
182901    9633.01    1.81642
183001    9637.9    1.80941
183101    9643.68    1.77594
183201    9649.64    1.71817
183301    9654.92    1.7011
183401    9660.53    1.69892
183501    9666.05    1.80257
183601    9670.63    1.82495
183701    9675.51    1.60318
183801    9680.24    1.62288
183901    9685.34    1.65435
184001    9690.33    1.61351
184101    9695.86    1.61967
184201    9701.08    1.68452
184301    9705.9    1.61251
184401    9711.98    1.66216
184501    9717.84    1.60024
184601    9723.16    1.63527
184701    9728.19    1.67438
184801    9733.41    1.61788
184901    9738.58    1.70042
185001    9743.9    1.71748
185101    9748.64    1.64051
185201    9753.66    1.75135
185301    9759.25    1.64741
185401    9764.27    1.63776
185501    9768.95    1.65515
185601    9774.22    1.66057
185701    9779.08    1.72949
185801    9784.6    1.69006
185901    9789.79    1.79463
186001    9794.85    1.89572
186101    9799.85    1.82522
186201    9804.81    1.67121
186301    9809.7    1.81289
186401    9814.93    1.89423
186501    9819.82    1.80544
186601    9825.41    1.78443
186701    9830.69    1.7897
186801    9835.79    1.65818
186901    9841.59    1.78935
187001    9847.22    1.83215
187101    9853.13    1.69026
187201    9858.83    1.77369
187301    9864.21    1.70358
187401    9869.47    1.65725
187501    9874.32    1.70311
187601    9878.96    1.71261
187701    9884.25    1.66926
187801    9888.89    1.72264
187901    9894.04    1.81071
188001    9899.11    1.87691
188101    9904.14    1.71702
188201    9909.2    1.75161
188301    9914.85    1.6854
188401    9920.57    1.77727
188501    9925.88    1.62151
188601    9931.58    1.6859
188701    9936.79    1.74728
188801    9942.27    2.15822
188901    9947.8    1.77484
189001    9953.21    1.75598
189101    9958.52    1.81449
189201    9963.54    1.77418
189301    9968.63    1.63282
189401    9973.26    1.64352
189501    9978.5    1.78625
189601    9984.29    1.70169
189701    9989.9    1.76727
189801    9995.27    1.73133
189901    10000.1    1.59593
190001    10005.7    1.73407
190101    10011.3    1.86078
190201    10016.6    1.71448
190301    10021.4    1.81351
190401    10026.9    1.69136
190501    10032.1    1.68909
190601    10037.2    1.69048
190701    10042.4    1.62654
190801    10047.8    1.693
190901    10052.9    1.71528
191001    10058    1.71315
191101    10063.6    1.71285
191201    10068.5    1.67141
191301    10073.8    1.61967
191401    10078.6    1.60466
191501    10084.3    1.71307
191601    10089.2    1.77156
191701    10094.8    1.67893
191801    10099.3    1.61925
191901    10103.8    1.68976
192001    10108.1    2.08259
192101    10112.9    1.59088
192201    10118.3    1.65357
192301    10123    1.68358
192401    10128.2    1.67173
192501    10133.5    1.67958
192601    10138.6    1.70502
192701    10143.4    1.77013
192801    10148.2    1.80177
192901    10154    1.66035
193001    10159.3    1.68396
193101    10165    1.75404
193201    10170.5    1.83142
193301    10175.5    1.7569
193401    10181.1    1.74251
193501    10186.2    1.80252
193601    10191.7    1.91988
193701    10196.8    1.69394
193801    10202.5    1.77788
193901    10207    1.82799
194001    10212    1.78882
194101    10217.3    1.70171
194201    10222.8    1.81851
194301    10228.2    1.7012
194401    10233.5    1.69638
194501    10238.7    1.90623
194601    10243.4    1.81488
194701    10248.3    1.81224
194801    10254.1    1.68772
194901    10259.3    1.68596
195001    10264.6    1.89567
195101    10269.8    1.66499
195201    10275.7    1.63606
195301    10280.9    1.64437
195401    10286.7    1.7127
195501    10291.7    1.80071
195601    10297.2    1.87475
195701    10302.6    1.90997
195801    10308.2    1.73214
195901    10312.8    1.71932
196001    10317.5    1.67973
196101    10322.3    1.64952
196201    10327.1    1.84258
196301    10332.3    1.8385
196401    10337.1    1.64982
196501    10342.1    1.58314
196601    10346.9    1.72623
196701    10352.8    1.6681
196801    10358.5    1.68104
196901    10363.9    1.69214
197001    10368.8    1.77922
197101    10373.9    1.88906
197201    10379    1.69173
197301    10384.2    1.78827
197401    10390    1.78614
197501    10394.9    1.76544
197601    10399.7    1.64055
197701    10405.9    1.64627
197801    10411.5    1.69286
197901    10416.7    1.72115
198001    10422.1    1.83156
