1    3.76307    1.47
101    9.34825    2.11712
201    15.2656    2.03506
301    21.8267    2.08801
401    28.0209    2.08241
501    34.0899    1.98875
601    40.5798    2.08122
701    46.8863    1.88841
801    52.4583    1.89497
901    58.618    1.85016
1001    64.5463    2.05511
1101    71.0803    1.81543
1201    76.7888    2.10638
1301    83.0353    2.16733
1401    88.9819    2.24592
1501    95.4741    1.78758
1601    101.698    2.30205
1701    107.575    1.93653
1801    113.369    2.2227
1901    119.387    2.1081
2001    125.432    1.94562
2101    130.952    2.07413
2201    137.324    1.87794
2301    143.482    1.9564
2401    149.632    1.90548
2501    155.786    1.95932
2601    162.649    1.98674
2701    169.666    2.32026
2801    175.836    1.88162
2901    181.89    2.1035
3001    188.374    1.74958
3101    193.961    2.16729
3201    200.066    1.78255
3301    205.741    2.21575
3401    211.963    1.58404
3501    217.547    1.99184
3601    223.458    1.78474
3701    229.963    1.78716
3801    235.535    1.77513
3901    241.294    1.67451
4001    247.395    2.1028
4101    253.998    1.5963
4201    260.183    2.12967
4301    266.524    1.73024
4401    272.784    2.51233
4501    278.342    1.5585
4601    284.491    1.81041
4701    290.227    1.58146
4801    296.533    1.64988
4901    301.783    1.74069
5001    307.134    1.89595
5101    313.263    1.98039
5201    319.611    1.78001
5301    325.007    1.63337
5401    330.355    1.78024
5501    335.039    1.89974
5601    340.753    1.73582
5701    345.386    1.72282
5801    350.686    1.77126
5901    356.619    1.89569
6001    362.227    1.52555
6101    367.167    1.544
6201    373.053    1.68451
6301    378.12    1.78759
6401    383.895    1.98885
6501    389.053    1.68799
6601    394.366    1.76323
6701    400.297    1.55438
6801    405.743    1.70742
6901    411.535    1.75333
7001    416.655    1.60857
7101    423.133    1.83007
7201    428.866    1.8261
7301    434.588    1.83462
7401    440.237    1.59189
7501    445.76    1.47789
7601    451.687    1.62238
7701    457.171    1.6439
7801    462.977    1.8439
7901    468.47    1.54124
8001    473.974    1.93945
8101    479.484    1.56352
8201    484.132    1.58941
8301    489.261    1.58644
8401    494.397    1.59529
8501    498.784    1.69325
8601    503.583    1.70877
8701    508.81    1.60059
8801    513.283    2.18963
8901    518.847    1.67535
9001    523.738    2.00382
9101    529.732    1.68867
9201    535.418    1.48931
9301    541.833    1.64157
9401    547.172    1.62725
9501    552.067    1.65681
9601    557.212    1.58773
9701    561.887    1.50279
9801    567.346    1.61593
9901    572.903    1.59197
10001    578.706    2.53273
10101    583.089    1.72704
10201    587.956    1.63549
10301    592.546    2.16687
10401    597.841    1.54195
10501    603.388    1.66521
10601    608.186    1.60984
10701    613.541    2.71618
10801    619.038    1.51461
10901    624.667    1.67289
11001    630.267    1.50653
11101    634.709    1.70134
11201    639.854    1.70986
11301    644.625    1.68193
11401    649.398    1.53129
11501    655.176    1.61147
11601    660.423    1.61314
11701    666.058    1.56492
11801    670.992    1.53318
11901    676.152    1.44569
12001    680.406    1.49735
12101    686.559    1.84681
12201    692.377    1.78398
12301    698.13    1.98684
12401    703.618    1.72441
12501    708.932    1.4769
12601    714.757    1.48602
12701    720.197    1.54138
12801    725.373    1.53388
12901    729.865    1.62109
13001    734.475    1.4776
13101    738.922    1.53304
13201    744.26    2.51799
13301    749.158    1.6886
13401    754.071    1.55526
13501    759.548    1.50895
13601    764.313    1.8097
13701    770.055    1.41838
13801    775.232    1.81491
13901    780.602    1.60028
14001    786.466    1.61761
14101    791.182    2.04709
14201    795.767    1.53085
14301    801.375    1.60828
14401    807.068    1.61466
14501    812.028    1.62468
14601    817.507    1.55398
14701    822.568    1.53975
14801    828.244    1.53561
14901    832.397    1.60429
15001    838.031    1.53512
15101    843.725    1.68121
15201    849.823    1.73327
15301    854.885    1.45751
15401    861.298    1.67694
15501    866.773    1.79712
15601    872.162    1.86531
15701    877.408    1.46036
15801    881.624    1.39187
15901    886.601    1.59121
16001    891.606    1.66775
16101    897.519    1.70128
16201    902.719    1.80069
16301    907.321    1.48987
16401    912.805    1.58495
16501    917.975    1.55325
16601    922.777    1.89247
16701    928.026    1.47394
16801    932.995    2.59687
16901    938.049    1.48323
17001    943.169    1.46612
17101    948.196    1.65215
17201    953.876    1.71652
17301    959.478    1.64874
17401    964.485    1.44625
17501    969.714    1.43662
17601    974.41    1.63932
17701    979.324    1.6423
17801    984.174    1.76762
17901    989.519    2.1709
18001    994.336    2.28048
18101    998.826    1.88751
18201    1003.26    1.52978
18301    1009.24    1.75543
18401    1015.12    1.87959
18501    1020.14    1.58502
18601    1024.59    1.71819
18701    1029.27    1.54342
18801    1035.24    1.62296
18901    1040.38    1.54936
19001    1046.08    1.70357
19101    1050.81    1.72646
19201    1055.78    1.98632
19301    1061.43    1.50399
19401    1066.41    1.59626
19501    1071.85    1.69744
19601    1077.01    1.7276
19701    1081.96    2.29553
19801    1087.78    2.31756
19901    1092.49    1.37994
20001    1097.28    1.49587
20101    1102.67    1.51603
20201    1108.97    1.59684
20301    1113.21    1.5397
20401    1118.32    1.6213
20501    1123.02    1.61577
20601    1127.34    1.64561
20701    1132.67    1.87177
20801    1137.43    1.4623
20901    1142.29    1.58196
21001    1146.55    1.55486
21101    1151.58    1.70527
21201    1156.48    1.7771
21301    1160.61    1.61439
21401    1164.87    1.56351
21501    1169.66    1.59519
21601    1173.81    1.55323
21701    1179.27    1.59833
21801    1184.23    1.62486
21901    1188.79    1.64431
22001    1193.79    1.91395
22101    1198.16    2.21552
22201    1203.14    1.40089
22301    1208.91    1.49784
22401    1215.01    1.59918
22501    1220.19    1.6208
22601    1226.51    1.60649
22701    1231.59    1.57792
22801    1236.35    1.62992
22901    1241.65    1.5029
23001    1246.23    1.54369
23101    1250.88    1.54448
23201    1256.43    1.578
23301    1261.77    1.60202
23401    1266.39    1.64244
23501    1272.16    1.68363
23601    1277.39    1.59045
23701    1282.16    1.72186
23801    1287.35    1.43474
23901    1291.62    1.46636
24001    1296.18    1.4991
24101    1301.08    1.54204
24201    1305.84    1.54163
24301    1310.58    1.50343
24401    1315.2    1.48018
24501    1320.67    1.59015
24601    1325.91    1.57253
24701    1330.78    1.63627
24801    1335.31    1.55996
24901    1340.05    1.56029
25001    1345.88    1.59342
25101    1351.41    1.8221
25201    1357.17    1.60765
25301    1363.14    1.52434
25401    1368.5    1.63471
25501    1374.28    1.64502
25601    1379.88    1.76235
25701    1385.55    1.51637
25801    1391.25    1.7147
25901    1396.38    1.70967
26001    1401.52    1.74277
26101    1406.39    1.56802
26201    1411.27    1.96814
26301    1416.52    1.53023
26401    1421.95    1.54618
26501    1426.69    1.65284
26601    1431.77    1.53331
26701    1436.68    2.29541
26801    1441.92    1.50611
26901    1446.74    1.43846
27001    1452.05    1.5504
27101    1457.32    1.63452
27201    1461.87    1.65522
27301    1467.69    1.75863
27401    1472.62    1.60213
27501    1478.21    1.60607
27601    1484.04    1.36446
27701    1490.13    1.54389
27801    1496.22    1.50806
27901    1501.23    1.6167
28001    1506.7    1.54177
28101    1511.89    1.58639
28201    1517.4    1.69517
28301    1522.14    1.74059
28401    1528.39    1.44446
28501    1532.93    1.69702
28601    1537.54    1.77143
28701    1542.61    1.74811
28801    1547.63    1.57699
28901    1552.78    1.48097
29001    1557.51    1.67523
29101    1562.58    1.80384
29201    1567.59    1.44241
29301    1573.12    1.56884
29401    1577.32    1.48903
29501    1581.57    1.57103
29601    1586.44    1.81112
29701    1591.05    1.65635
29801    1594.98    2.21002
29901    1599.73    1.82885
30001    1604.34    1.66523
30101    1609.56    1.78238
30201    1614.45    1.85082
30301    1619.55    1.58201
30401    1624.68    1.75153
30501    1629.01    2.13876
30601    1633.45    1.50233
30701    1637.85    1.52425
30801    1642.15    1.55231
30901    1646.38    1.67114
31001    1652.37    1.5301
31101    1657.19    1.59838
31201    1662.38    1.57286
31301    1667.39    1.65508
31401    1672.14    1.50342
31501    1676.98    1.57315
31601    1681.54    1.51232
31701    1686.7    1.50377
31801    1691.25    1.69095
31901    1696.37    1.72469
32001    1700.65    1.91274
32101    1705.16    1.63617
32201    1709.98    1.54034
32301    1714.43    1.65012
32401    1719.96    1.5141
32501    1724.74    1.70334
32601    1729.88    1.65591
32701    1735.01    1.49261
32801    1739.88    1.5202
32901    1745.53    1.53237
33001    1750.36    2.22602
33101    1755.71    1.51788
33201    1760.85    1.38358
33301    1765.59    1.45369
33401    1770.81    1.55186
33501    1775.94    1.44147
33601    1781.21    1.49237
33701    1786    1.59432
33801    1790.34    1.56851
33901    1794.46    1.5945
34001    1799.53    1.68335
34101    1804.02    1.65034
34201    1808.84    1.78169
34301    1814.62    1.57711
34401    1819.95    1.75836
34501    1825.21    1.91872
34601    1830.62    1.63391
34701    1835.85    1.55545
34801    1841.06    1.6582
34901    1845.76    1.78854
35001    1851.23    2.07057
35101    1855.33    2.04606
35201    1859.74    1.56027
35301    1864.04    1.44057
35401    1869.83    1.36983
35501    1874.35    1.47862
35601    1879.53    1.83396
35701    1884.49    1.86547
35801    1889.34    1.5831
35901    1894.29    1.62534
36001    1898.91    1.89184
36101    1903.86    1.70996
36201    1910.08    1.5072
36301    1916.05    1.49888
36401    1921.01    1.48374
36501    1925.41    1.63125
36601    1929.54    1.41345
36701    1934.23    1.6796
36801    1939.45    1.64655
36901    1944.65    1.47983
37001    1948.85    1.76155
37101    1953.05    1.47051
37201    1957.89    1.5626
37301    1963.07    1.54407
37401    1968.24    1.60714
37501    1972.95    1.58591
37601    1978.04    1.87533
37701    1983.71    1.71227
37801    1988.73    1.58598
37901    1993.5    1.5325
38001    1998.93    1.60093
38101    2003.66    1.54728
38201    2009.46    1.61095
38301    2013.97    1.44699
38401    2018.16    1.80784
38501    2022.72    1.52611
38601    2028.3    1.56791
38701    2034.58    1.61054
38801    2040.2    1.6011
38901    2046    1.73342
39001    2051.89    1.84493
39101    2057.29    1.632
39201    2062.59    1.50348
39301    2068.09    1.55046
39401    2073.53    1.48888
39501    2079.37    1.56799
39601    2084.86    1.65617
39701    2090.12    1.65748
39801    2095.24    2.43786
39901    2099.48    1.75093
40001    2104.89    1.73259
40101    2109.84    2.78522
40201    2114.52    1.64331
40301    2120.15    1.46972
40401    2125.3    1.48898
40501    2130.5    1.48532
40601    2136.03    1.51336
40701    2141.86    1.58436
40801    2146.39    1.39075
40901    2152.56    1.50815
41001    2158.38    1.54315
41101    2164.07    1.58551
41201    2169.54    1.58555
41301    2175.51    1.54578
41401    2182.58    1.52305
41501    2190.13    1.63363
41601    2196.18    1.89217
41701    2201.61    1.79941
41801    2207.81    1.43219
41901    2213.89    1.51619
42001    2220.41    1.67873
42101    2226.53    2.03927
42201    2231.76    1.67954
42301    2237.06    1.62507
42401    2242.41    1.6838
42501    2248.66    1.9
42601    2253.25    2.50626
42701    2258.73    1.59787
42801    2264.24    1.88228
42901    2269.36    1.73158
43001    2274.56    1.82827
43101    2279.25    1.50107
43201    2285.02    1.53502
43301    2291    1.50472
43401    2296.83    1.70708
43501    2302.52    1.58817
43601    2308.74    1.62959
43701    2314.77    1.83873
43801    2319.88    1.63509
43901    2325.45    1.45624
44001    2331.33    1.54528
44101    2337.44    1.60642
44201    2343.43    2.33572
44301    2349.78    1.70594
44401    2355.3    1.44735
44501    2361.2    1.61661
44601    2366.58    1.60171
44701    2372.44    1.65857
44801    2377.67    1.96748
44901    2383.74    1.50371
45001    2389.64    1.66257
45101    2395.67    1.63146
45201    2401.77    1.57317
45301    2407.42    1.74716
45401    2413.59    1.70162
45501    2418.98    1.60143
45601    2424.28    1.58724
45701    2429.95    1.68088
45801    2435.5    1.66209
45901    2441.27    1.49279
46001    2447.02    1.61454
46101    2452.76    1.60255
46201    2457.8    1.73532
46301    2463.42    1.80814
46401    2469.03    1.6344
46501    2475.12    1.63361
46601    2480.77    1.75111
46701    2486.89    1.63147
46801    2492.32    1.48311
46901    2498.28    1.8797
47001    2503.4    1.43734
47101    2507.95    1.62634
47201    2513.56    1.59614
47301    2519.58    1.44985
47401    2525.24    1.68568
47501    2531.04    1.63659
47601    2535.7    1.51803
47701    2541.43    1.82534
47801    2546.19    1.56942
47901    2551.64    1.63004
48001    2556.07    1.84755
48101    2560.8    1.73886
48201    2565.36    1.77279
48301    2570.42    1.53496
48401    2575.54    1.5983
48501    2581.21    1.49652
48601    2586.99    1.51022
48701    2593.28    1.67019
48801    2598.94    1.54967
48901    2604.45    1.63119
49001    2609.79    1.58272
49101    2615.49    1.51175
49201    2620.24    1.49878
49301    2625.22    1.49962
49401    2630.76    1.52176
49501    2635.89    1.56138
49601    2641.22    1.5884
49701    2646.56    1.63939
49801    2652.44    1.78887
49901    2657.97    1.46332
50001    2662.97    1.51469
50101    2667.89    1.68271
50201    2673.11    1.7479
50301    2678.13    1.46261
50401    2682.89    1.35701
50501    2688.56    1.46826
50601    2695.3    1.52775
50701    2700.78    1.58785
50801    2706.22    1.55332
50901    2711.39    1.5336
51001    2716.03    1.66689
51101    2720.95    1.55977
51201    2726.86    1.6449
51301    2731.8    1.66022
51401    2736.64    1.76507
51501    2741.06    1.76656
51601    2745.75    1.58077
51701    2750.97    1.65595
51801    2756    1.43891
51901    2760.73    1.76914
52001    2765.69    1.4578
52101    2770.74    1.68112
52201    2775.48    1.78033
52301    2780.66    1.50455
52401    2786.01    1.45813
52501    2791.25    1.51418
52601    2797.13    1.57754
52701    2801.77    1.65832
52801    2806.78    1.66306
52901    2811.95    1.94966
53001    2817.18    1.5263
53101    2822.4    1.54438
53201    2826.95    1.78452
53301    2831.19    1.96815
53401    2835.48    1.54871
53501    2841.23    1.57008
53601    2846.89    1.77421
53701    2851.64    1.48926
53801    2856.7    1.39204
53901    2862.27    1.41588
54001    2867.6    1.38931
54101    2873.29    1.47325
54201    2878.35    1.58544
54301    2883.69    1.62749
54401    2888.14    1.6606
54501    2894.11    1.53252
54601    2899.82    1.4841
54701    2905.23    1.50089
54801    2910.73    1.97837
54901    2916.45    1.64232
55001    2921.26    1.77969
55101    2926.95    1.44334
55201    2932.78    1.34549
55301    2937.79    1.46116
55401    2943.11    1.59272
55501    2948.35    1.53672
55601    2953.4    1.56263
55701    2959.17    1.54168
55801    2964.19    1.56705
55901    2969.17    1.62814
56001    2974.23    1.68737
56101    2979.75    1.71398
56201    2985.03    1.651
56301    2990.24    1.5279
56401    2995.23    1.70841
56501    3000.52    1.71136
56601    3006.26    1.82353
56701    3011.85    1.59983
56801    3016.48    1.48636
56901    3022.65    1.772
57001    3027.46    1.85804
57101    3033.04    1.92979
57201    3038.06    1.74774
57301    3043.89    1.54163
57401    3048.78    1.75671
57501    3053.85    1.51102
57601    3059.34    1.6351
57701    3064.78    1.76965
57801    3070.26    1.70498
57901    3075.96    1.66773
58001    3081.4    2.04322
58101    3087.96    1.59902
58201    3093.66    1.54923
58301    3098.94    1.59662
58401    3104.09    1.60824
58501    3109.72    1.49129
58601    3114.58    1.60029
58701    3119.78    1.5314
58801    3125.02    1.54086
58901    3130.39    1.61114
59001    3135.83    1.61967
59101    3141.31    1.63577
59201    3146.76    1.40124
59301    3152.31    1.46662
59401    3157.5    1.54415
59501    3163.81    1.60766
59601    3169.98    1.58941
59701    3175.58    1.46763
59801    3180.56    1.42522
59901    3186    1.50699
60001    3191.48    1.50902
60101    3196.77    1.53729
60201    3201.95    1.61317
60301    3207.68    1.49779
60401    3212.79    1.79884
60501    3217.48    1.5873
60601    3222.83    1.76792
60701    3228.59    1.92049
60801    3233.76    2.4269
60901    3239    1.55417
61001    3244.54    1.55128
61101    3250.48    1.52158
61201    3256.42    1.5501
61301    3262.51    1.71665
61401    3267.39    1.90317
61501    3272.42    1.57391
61601    3278.43    1.65856
61701    3284.59    1.78002
61801    3290.21    1.93388
61901    3295.14    1.88801
62001    3301.25    1.50289
62101    3307.13    1.64811
62201    3312.14    1.63549
62301    3317.23    1.70074
62401    3322.19    1.86524
62501    3327.85    1.46519
62601    3333.43    1.61994
62701    3339.34    1.60536
62801    3344.38    1.47647
62901    3348.81    1.51763
63001    3354.4    1.58387
63101    3359.29    1.76677
63201    3364.87    1.53093
63301    3369.9    1.50517
63401    3375.6    1.45625
63501    3381.29    1.66378
63601    3387.2    1.58748
63701    3392.76    1.64842
63801    3398.77    1.42861
63901    3404.17    1.58109
64001    3409.43    1.79968
64101    3415.15    1.70225
64201    3420.86    1.53866
64301    3425.86    1.98058
64401    3431.32    1.52215
64501    3436.39    1.51497
64601    3441.63    1.67512
64701    3446.84    1.76053
64801    3452.07    1.62726
64901    3457.35    1.53184
65001    3463.29    1.68715
65101    3468.81    1.46481
65201    3473.51    1.47834
65301    3478.74    1.48478
65401    3484.39    1.37785
65501    3489.77    1.89522
65601    3495.64    1.68903
65701    3501.18    1.63431
65801    3506.93    1.43895
65901    3512.09    1.4851
66001    3517.64    1.4934
66101    3522.99    1.66187
66201    3528.43    1.5819
66301    3534.07    1.52001
66401    3539.32    1.62109
66501    3544.64    1.54584
66601    3549.74    1.75087
66701    3555.32    1.57212
66801    3560.92    1.70445
66901    3566.55    1.54909
67001    3571.95    1.99302
67101    3577.53    1.41634
67201    3582.34    1.51625
67301    3588    1.65919
67401    3593.62    1.50849
67501    3598.94    1.62637
67601    3604.6    1.52799
67701    3610    1.70779
67801    3615.39    1.83147
67901    3621.36    1.59217
68001    3626.93    1.64756
68101    3632.16    1.56287
68201    3637.39    1.76009
68301    3642.38    2.06059
68401    3647.04    1.469
68501    3652.47    1.65073
68601    3658.08    1.64268
68701    3662.88    1.70044
68801    3667.38    1.83003
68901    3673.4    1.77814
69001    3678.59    1.51699
69101    3684.01    1.33846
69201    3689    1.4885
69301    3694.14    1.54093
69401    3699.79    1.47755
69501    3705.34    1.68284
69601    3710.11    1.63634
69701    3714.74    1.63991
69801    3720.26    1.66052
69901    3725.76    1.75622
70001    3731.18    2.13044
70101    3736.58    1.84721
70201    3742.53    2.29283
70301    3747.54    1.53901
70401    3754.24    1.66507
70501    3759.58    1.51839
70601    3764.72    1.49664
70701    3771.17    1.67017
70801    3776.36    1.67275
70901    3782.22    1.92729
71001    3787.99    1.59747
71101    3793.43    1.72972
71201    3799.36    1.73474
71301    3805.62    1.52401
71401    3810.33    1.39839
71501    3816.26    1.45642
71601    3821.96    1.67049
71701    3827.04    1.77568
71801    3832.83    1.64141
71901    3838.83    1.7055
72001    3844.68    1.51805
72101    3850.96    1.50489
72201    3857.1    1.57361
72301    3863.47    1.51938
72401    3869.24    1.68599
72501    3875.13    1.66596
72601    3880.92    1.50918
72701    3886.87    1.69765
72801    3892.91    1.64886
72901    3899.01    1.64524
73001    3903.2    1.49103
73101    3908.08    1.54141
73201    3912.79    1.71457
73301    3917.95    1.51433
73401    3923.37    1.55709
73501    3928.54    1.47373
73601    3933.49    1.35534
73701    3938.62    1.57969
73801    3944.64    1.67465
73901    3950.34    1.69186
74001    3956.36    1.58472
74101    3962.82    1.46934
74201    3968.4    1.35946
74301    3974.11    1.61282
74401    3979.41    1.66524
74501    3986.12    1.42663
74601    3991.21    1.46824
74701    3996.37    1.68257
74801    4002.97    1.68087
74901    4009.4    1.65521
75001    4015.51    1.49906
75101    4020.39    1.64515
75201    4025.63    1.54709
75301    4031.42    1.64851
75401    4037.63    1.82575
75501    4043.79    1.35821
75601    4049.08    1.41784
75701    4055.4    1.47848
75801    4061.75    1.56818
75901    4067.49    1.65518
76001    4073.32    1.55291
76101    4079.7    1.50025
76201    4085.68    1.44532
76301    4090.74    1.67642
76401    4095.75    1.58802
76501    4101.03    1.63655
76601    4106.55    1.68467
76701    4111.26    1.74589
76801    4115.77    1.52177
76901    4122.2    1.70478
77001    4127.82    1.64552
77101    4133.58    1.55505
77201    4139.49    1.63365
77301    4145.03    1.57927
77401    4151.03    1.82474
77501    4156.82    1.69612
77601    4161.94    1.6731
77701    4167.33    1.41788
77801    4172.19    1.52554
77901    4177.51    1.87338
78001    4183.19    1.67406
78101    4189.04    1.87261
78201    4194.36    1.53428
78301    4198.59    1.52934
78401    4204.35    1.51868
78501    4209.82    1.62627
78601    4215.31    1.45391
78701    4220.8    1.7597
78801    4227.54    1.34411
78901    4232.68    1.41511
79001    4238.45    1.40434
79101    4244.01    2.00619
79201    4249.66    1.83876
79301    4255.47    1.7186
79401    4262.4    1.69847
79501    4268.57    1.6016
79601    4273.84    1.80606
79701    4280.75    1.45946
79801    4286.14    1.36174
79901    4292.45    1.35934
80001    4298    1.65644
80101    4303.55    1.63701
80201    4308.69    1.58694
80301    4314.48    1.5307
80401    4319.54    1.45001
80501    4325.29    1.74228
80601    4331.08    1.35325
80701    4336.66    1.4991
80801    4342.27    1.50714
80901    4348.18    1.60993
81001    4353.6    1.66597
81101    4359.67    1.53442
81201    4365.92    1.60022
81301    4371.38    1.50941
81401    4377.37    1.55502
81501    4382.83    1.57832
81601    4388.35    1.56346
81701    4394.58    2.1047
81801    4400.24    1.90373
81901    4406.47    1.73523
82001    4412.12    1.60639
82101    4418.34    1.54657
82201    4422.89    1.59438
82301    4428.54    1.33662
82401    4434.07    1.62931
82501    4440.59    1.735
82601    4445.36    1.40112
82701    4451.34    1.45607
82801    4456.69    1.50459
82901    4461.89    1.59116
83001    4467.48    1.46664
83101    4473.26    1.55385
83201    4479.2    1.45288
83301    4485.31    1.50995
83401    4490.8    1.4562
83501    4496.31    1.49226
83601    4501.77    1.47683
83701    4506.45    1.51892
83801    4512.57    1.6573
83901    4519.03    1.48766
84001    4525.03    1.80452
84101    4531.52    1.65179
84201    4536.84    1.73529
84301    4542.51    1.34211
84401    4548.74    1.52924
84501    4555.57    1.54496
84601    4562.3    1.46993
84701    4568.86    1.44989
84801    4574.94    1.57015
84901    4581.76    1.45848
85001    4588.17    1.55587
85101    4595.22    1.49061
85201    4601.81    1.63617
85301    4608.52    1.67189
85401    4615.83    1.64976
85501    4622.57    1.60138
85601    4629.26    1.51794
85701    4635.3    1.69637
85801    4642.18    1.48819
85901    4648.68    1.53735
86001    4655.3    1.59032
86101    4662.1    1.6323
86201    4668.26    1.55038
86301    4674.58    1.63961
86401    4681.01    1.56944
86501    4687.67    1.62694
86601    4694.29    1.65707
86701    4700.92    1.5673
86801    4707.6    1.52219
86901    4713.94    1.61327
87001    4720.65    1.58957
87101    4727.44    1.40514
87201    4733.52    1.63579
87301    4739.84    2.0323
87401    4746.31    1.54024
87501    4752.99    1.60157
87601    4759.12    1.60331
87701    4765.29    1.5605
87801    4771.41    1.64448
87901    4777.82    1.70503
88001    4784.4    1.62514
88101    4790.74    1.53559
88201    4797.23    1.48327
88301    4803.86    1.67511
88401    4810.29    1.45738
88501    4816.6    1.82225
88601    4823.43    1.69661
88701    4829.7    1.74881
88801    4836.27    1.80334
88901    4842.71    1.47892
89001    4849.14    2.21914
89101    4855.83    1.69283
89201    4862.36    1.59395
89301    4868.87    1.71632
89401    4875.12    1.72851
89501    4881.41    1.7124
89601    4887.49    1.84181
89701    4893.7    1.56993
89801    4900.2    1.57405
89901    4906.86    1.59512
90001    4913.08    1.63016
90101    4919.28    1.69958
90201    4926.09    1.64569
90301    4932.43    1.49455
90401    4938.66    1.50573
90501    4944.84    1.82472
90601    4951.23    1.58359
90701    4957.37    1.52281
90801    4963.57    1.51263
90901    4969.94    1.49416
91001    4976.28    1.55124
91101    4982.9    1.4602
91201    4989.23    1.49901
91301    4995.61    1.42541
91401    5002.05    1.39107
91501    5008.59    1.52347
91601    5015.73    1.43113
91701    5022.63    1.46569
91801    5029.4    1.35703
91901    5036.04    1.4662
92001    5042.58    1.39914
92101    5049.31    1.52924
92201    5055.64    1.53204
92301    5061.85    1.58162
92401    5068.69    1.64555
92501    5075.08    1.51052
92601    5081.42    1.46756
92701    5088.33    1.55528
92801    5095.06    1.59089
92901    5101.6    1.62485
93001    5108.09    1.58086
93101    5114.45    1.49516
93201    5120.39    1.48948
93301    5126.51    1.59054
93401    5132.14    1.46407
93501    5138.5    1.6567
93601    5145.19    1.5847
93701    5151.49    1.55144
93801    5157.98    1.55954
93901    5164.19    1.496
94001    5170.35    1.7821
94101    5176.2    1.61564
94201    5182.65    1.63526
94301    5189.28    1.84387
94401    5195.98    1.58732
94501    5202.24    1.56458
94601    5208.42    1.74137
94701    5214.92    1.54396
94801    5221.33    1.52698
94901    5227.63    1.48591
95001    5234.04    1.49354
95101    5240.13    1.47271
95201    5245.91    1.4557
95301    5251.92    1.54624
95401    5258.34    1.51556
95501    5264.16    1.43628
95601    5270.5    1.43899
95701    5276.49    1.43103
95801    5282.81    1.5583
95901    5289.68    1.4749
96001    5296.62    1.4881
96101    5303.35    1.47969
96201    5310.21    1.68852
96301    5316.62    1.86255
96401    5322.38    2.08838
96501    5328.73    1.6805
96601    5334.83    1.56587
96701    5340.93    1.58065
96801    5347.21    1.5572
96901    5353.89    1.50964
97001    5360.3    1.69694
97101    5366.68    1.94044
97201    5373.3    1.86801
97301    5379.95    1.71978
97401    5386.47    1.52251
97501    5393.26    1.71117
97601    5399.71    1.48138
97701    5405.84    1.48633
97801    5411.74    1.68729
97901    5418.31    1.57227
98001    5424.9    1.52324
98101    5431.59    1.44516
98201    5438.11    1.40773
98301    5444.79    1.9578
98401    5451.73    1.79179
98501    5458.49    1.56349
98601    5465.15    1.46197
98701    5470.61    1.59366
98801    5474.95    1.68597
98901    5480.53    1.62978
99001    5486.9    1.47663
99101    5491.69    1.58944
99201    5496.53    1.44456
99301    5501.48    1.40759
99401    5506.89    1.46735
99501    5512.78    1.44072
99601    5517.73    1.57279
99701    5523.01    1.52062
99801    5528.81    1.46062
99901    5534    1.41622
100001    5539.54    1.48531
100101    5545.01    1.54177
100201    5550.71    1.33134
100301    5555.87    1.40418
100401    5561.4    1.52425
100501    5567.17    1.47263
100601    5572.37    1.52038
100701    5577.98    1.63982
100801    5583.84    1.45537
100901    5589.2    1.52462
101001    5594.17    1.41787
101101    5599.2    1.45065
101201    5604.3    1.609
101301    5608.73    1.43183
101401    5613.81    1.4256
101501    5619.45    1.85318
101601    5625.58    1.47811
101701    5629.99    1.51545
101801    5634.92    1.64173
101901    5639.76    1.85564
102001    5644.48    1.49075
102101    5649.39    1.76173
102201    5655.3    1.62727
102301    5661.49    1.55066
102401    5667.02    1.71906
102501    5672.89    1.37473
102601    5678.1    1.5085
102701    5683.68    1.69536
102801    5689.44    2.07268
102901    5694.74    1.4823
103001    5700.65    2.06118
103101    5705.71    1.35688
103201    5711.27    1.49202
103301    5717.09    1.43518
103401    5722.78    1.42673
103501    5728.61    1.49209
103601    5733.69    1.57632
103701    5739.49    1.7383
103801    5745.1    1.61311
103901    5749.77    1.57865
104001    5754.98    1.49462
104101    5760.4    1.59626
104201    5765.72    1.73241
104301    5771.29    1.57435
104401    5776    1.45037
104501    5780.97    1.49087
104601    5786.82    1.45459
104701    5792.26    1.59882
104801    5797.5    1.55587
104901    5802.93    1.4605
105001    5807.51    1.62159
105101    5813    1.5108
105201    5818.12    1.54816
105301    5823.24    1.50689
105401    5829.07    1.67176
105501    5834.3    1.45772
105601    5839.77    1.53667
105701    5845.22    1.79406
105801    5850.36    1.67784
105901    5854.94    1.48558
106001    5860.73    1.53217
106101    5866.04    1.36219
106201    5871.71    1.39086
106301    5877.75    1.46562
106401    5883.77    1.47951
106501    5890.34    1.43263
106601    5895.73    1.65331
106701    5901.07    1.46431
106801    5906.23    1.45849
106901    5911.53    1.5695
107001    5916.2    1.62102
107101    5921.08    1.94269
107201    5926.8    1.48212
107301    5931.63    1.43316
107401    5937.13    1.48782
107501    5943.19    1.42618
107601    5949.17    1.40252
107701    5954.71    1.52337
107801    5960    1.52327
107901    5966.61    1.6385
108001    5972.57    1.57523
108101    5978.23    1.55282
108201    5984.21    1.79079
108301    5989.96    1.38908
108401    5995.81    1.4731
108501    6000.7    1.5758
108601    6006.2    1.39939
108701    6011.77    1.45455
108801    6017.01    1.79751
108901    6022.92    1.49663
109001    6028.48    1.6924
109101    6033.81    1.9238
109201    6039.71    2.20735
109301    6045.43    1.44278
109401    6051.71    1.47152
109501    6056.99    1.7978
109601    6061.85    1.63466
109701    6066.94    1.53315
109801    6072.7    1.72582
109901    6077.48    1.97305
110001    6082.88    1.67034
110101    6088.08    1.67413
110201    6093.47    1.4788
110301    6098.29    1.94422
110401    6103.61    1.69616
110501    6108.55    1.95981
110601    6113.61    1.69485
110701    6118.41    1.56903
110801    6124.04    1.43985
110901    6129.74    1.87062
111001    6134.8    1.81511
111101    6140.74    1.76859
111201    6147.17    1.36111
111301    6152.81    1.44782
111401    6158.72    1.40892
111501    6164.56    1.49813
111601    6169.35    1.47742
111701    6174.9    1.42745
111801    6180.15    1.44021
111901    6185.2    1.56637
112001    6190.71    1.50652
112101    6196.3    1.53335
112201    6201.9    1.5298
112301    6207.17    1.75625
112401    6212.76    1.38242
112501    6218.39    1.45649
112601    6223.58    1.4584
112701    6229.25    1.46601
112801    6235.17    1.51722
112901    6241.04    1.39983
113001    6246.98    1.6142
113101    6252.25    1.6575
113201    6257.83    1.5192
113301    6264    1.55515
113401    6270.51    1.51137
113501    6275.69    1.75789
113601    6281.98    1.54947
113701    6287.89    1.57326
113801    6293.56    1.53052
113901    6299.04    1.36728
114001    6304.52    1.47041
114101    6309.51    1.44408
114201    6315.11    1.43136
114301    6320.25    1.79537
114401    6325.79    1.39229
114501    6330.87    1.39442
114601    6335.9    1.48306
114701    6341.07    1.54372
114801    6346.8    1.57186
114901    6351.73    1.42939
115001    6356.96    1.4758
115101    6361.99    1.57884
115201    6367.39    1.52479
115301    6373.23    1.81309
115401    6378.35    1.41836
115501    6383.41    1.61945
115601    6388.72    1.48062
115701    6393.66    1.47955
115801    6398.8    1.86293
115901    6405.1    1.51774
116001    6411.07    1.50352
116101    6417.19    1.42753
116201    6422.85    1.48986
116301    6429    1.40121
116401    6434.13    1.49435
116501    6439.38    1.52602
116601    6445.26    1.46445
116701    6450.11    1.50232
116801    6455.76    1.39754
116901    6461.62    1.53752
117001    6467.44    1.36477
117101    6473.07    1.35162
117201    6478.65    1.39033
117301    6483.2    1.30934
117401    6488.25    1.38034
117501    6493.91    1.35219
117601    6499.46    1.39501
117701    6505.05    1.31681
117801    6510.18    1.47221
117901    6515.51    1.55306
118001    6521.03    1.43199
118101    6526.05    1.48264
118201    6532.13    1.50414
118301    6536.71    1.51929
118401    6541.61    1.54425
118501    6546.22    1.51879
118601    6551.49    1.54632
118701    6556.51    1.64104
118801    6561.73    1.50129
118901    6566.93    1.4877
119001    6571.98    1.67975
119101    6577.74    1.53663
119201    6583.22    1.70745
119301    6588.93    1.69977
119401    6594.91    1.41057
119501    6599.71    1.36116
119601    6604.96    1.33665
119701    6609.73    1.44807
119801    6615.54    1.47026
119901    6620.87    1.45914
120001    6626.47    1.62162
120101    6631.31    1.43554
120201    6635.96    1.52313
120301    6640.92    1.54108
120401    6646.7    1.54289
120501    6651.25    2.15103
120601    6656.75    1.669
120701    6661.92    1.6506
120801    6667.71    1.51758
120901    6672.81    1.56632
121001    6678.57    1.43937
121101    6683.82    1.52708
121201    6689.58    1.40081
121301    6694.69    1.47494
121401    6699.82    1.40662
121501    6704.91    1.47836
121601    6709.35    1.6061
121701    6714.08    1.50092
121801    6719.54    1.61214
121901    6724.92    1.46023
122001    6729.83    1.46008
122101    6734.72    1.51812
122201    6739.13    1.35735
122301    6744.47    1.42144
122401    6749.75    1.41694
122501    6754.9    1.52913
122601    6760.23    1.50151
122701    6764.9    1.62501
122801    6770.12    1.6165
122901    6776.23    1.58344
123001    6782.42    1.5461
123101    6788.21    1.57529
123201    6792.94    1.47523
123301    6797.97    1.47901
123401    6803.13    1.66813
123501    6809.04    1.48994
123601    6814.72    2.05684
123701    6820.09    1.55026
123801    6824.35    1.58342
123901    6830.18    1.45349
124001    6835.38    1.41662
124101    6840.49    1.44765
124201    6845.22    1.49585
124301    6850.62    1.56714
124401    6855.29    1.72351
124501    6859.95    1.64134
124601    6865.28    1.85529
124701    6869.86    1.48261
124801    6875.63    1.63855
124901    6880.98    1.40949
125001    6886.38    1.39185
125101    6891.82    1.41222
125201    6896.79    1.37533
125301    6902.74    1.44221
125401    6908.44    1.40828
125501    6913.8    1.44208
125601    6918.57    1.38434
125701    6923.28    1.69469
125801    6929.08    1.46358
125901    6933.54    1.5807
126001    6939.3    1.50955
126101    6944.51    1.49847
126201    6949.69    1.624
126301    6954.97    1.47567
126401    6960.74    1.49139
126501    6965.5    1.70429
126601    6971.28    1.4448
126701    6976.59    1.63325
126801    6981.94    1.54687
126901    6986.9    1.43985
127001    6992.68    1.51806
127101    6997.3    1.47403
127201    7003.09    1.55201
127301    7008.63    1.52661
127401    7013.06    1.33907
127501    7017.64    1.62097
127601    7023.17    1.51592
127701    7028.56    1.43521
127801    7033.4    1.56536
127901    7038.8    1.52208
128001    7043.38    1.84975
128101    7049.58    1.5084
128201    7054.64    1.56064
128301    7059.74    1.32508
128401    7064.82    1.36237
128501    7071.03    1.32184
128601    7088.34    1.39392
128701    7093.66    1.43305
128801    7098.3    1.44199
128901    7102.09    1.50823
129001    7107.56    1.39751
129101    7114.28    1.43738
129201    7121    1.5896
129301    7127.47    1.45824
129401    7133.3    1.48844
129501    7140.15    1.48866
129601    7146.43    1.47563
129701    7152.01    1.50301
129801    7158.5    1.67403
129901    7164.65    1.52102
130001    7170.39    1.65715
130101    7176.87    2.11372
130201    7183.45    1.67098
130301    7189.07    1.55589
130401    7195.69    1.58847
130501    7201.86    1.65423
130601    7208.32    1.68612
130701    7214.78    1.68995
130801    7221.07    1.5193
130901    7227.32    1.82954
131001    7233.8    1.50301
131101    7240.25    1.52953
131201    7246.81    1.64359
131301    7253.45    1.6815
131401    7260.09    1.94686
131501    7266.9    1.50088
131601    7273.33    1.61528
131701    7280.47    1.75925
131801    7287.32    1.66392
131901    7293.89    1.60992
132001    7300.24    1.5077
132101    7306.55    1.5931
132201    7313.06    1.53374
132301    7319.88    1.46057
132401    7326.42    1.52623
132501    7332.81    1.63744
132601    7339.39    1.62195
132701    7346.04    1.37971
132801    7352.68    1.47786
132901    7359.56    1.46453
133001    7366.04    1.60188
133101    7372.77    1.44725
133201    7379.15    1.53269
133301    7386.56    1.45574
133401    7393.55    1.43076
133501    7400.52    1.39303
133601    7407.58    1.58312
133701    7414.1    1.74298
133801    7420.57    1.4435
133901    7427.37    1.43133
134001    7433.72    1.56303
134101    7440.27    1.60223
134201    7446.58    1.52241
134301    7453.24    1.52756
134401    7459.76    1.58767
134501    7466.02    1.75302
134601    7472.21    1.65103
134701    7478.5    1.64647
134801    7484.74    1.52759
134901    7491.51    1.39136
135001    7497.88    1.31315
135101    7504.05    1.41664
135201    7510.32    1.50772
135301    7517.13    1.49548
135401    7523.7    1.73143
135501    7529.81    1.46139
135601    7536.36    1.51443
135701    7542.45    1.73069
135801    7548.92    1.65507
135901    7555.27    1.59345
136001    7561.87    1.42481
136101    7568.7    1.47481
136201    7575.3    1.39976
136301    7581.61    1.54691
136401    7588.11    1.67297
136501    7594.72    1.62536
136601    7601.22    1.56313
136701    7607.5    1.68416
136801    7613.9    1.45238
136901    7620.19    1.44435
137001    7626.47    1.47839
137101    7632.92    1.37847
137201    7639.02    1.39534
137301    7645.39    1.47212
137401    7651.82    1.35805
137501    7658.34    1.41308
137601    7664.96    1.37473
137701    7671.29    1.36258
137801    7677.47    1.49054
137901    7684.31    1.47226
138001    7690.84    1.50988
138101    7697.48    1.62468
138201    7703.38    1.48517
138301    7709.88    1.64014
138401    7716.56    1.48373
138501    7722.84    1.77748
138601    7728.92    1.63917
138701    7735.29    1.65183
138801    7741.8    1.51171
138901    7748.21    1.51808
139001    7755.03    1.5332
139101    7761.48    1.51383
139201    7767.79    1.69536
139301    7774.13    1.48367
139401    7780.41    1.78463
139501    7786.6    1.58858
139601    7792.88    1.61495
139701    7799.06    1.50072
139801    7805.3    1.76624
139901    7811.81    1.48577
140001    7817.81    1.46105
140101    7824.39    1.48138
140201    7830.83    1.47881
140301    7837.13    1.66566
140401    7843.78    1.5689
140501    7850.67    1.39802
140601    7857.14    1.45301
140701    7863.41    1.55108
140801    7870.1    1.64707
140901    7876.63    1.44567
141001    7882.75    1.49229
141101    7888.82    1.44315
141201    7895.28    1.36383
141301    7902.19    1.56322
141401    7908.98    1.64602
141501    7915.04    1.40108
141601    7921.91    1.44826
141701    7928.33    1.51032
141801    7934.8    1.41632
141901    7941.7    1.46471
142001    7948.28    1.43419
142101    7955.43    1.44075
142201    7961.94    1.38297
142301    7968.36    1.56287
142401    7975.13    1.39964
142501    7981.77    1.5599
142601    7988.18    1.62732
142701    7994.69    1.62401
142801    8001.2    1.50002
142901    8007.76    1.76358
143001    8013.78    1.42071
143101    8020.27    1.53392
143201    8026.64    1.37604
143301    8033.09    1.44976
143401    8039.93    1.46005
143501    8046.32    1.46662
143601    8052.53    1.64942
143701    8058.7    1.46532
143801    8064.87    1.42059
143901    8071.4    1.38201
144001    8077.53    1.63113
144101    8083.76    1.49826
144201    8090.09    1.54861
144301    8096.52    1.54019
144401    8102.54    1.7955
144501    8108.98    1.41201
144601    8115.59    1.52948
144701    8122.09    1.55044
144801    8128.71    1.56798
144901    8135.05    1.51038
145001    8140.88    1.61635
145101    8147.32    1.64591
145201    8153.69    2.40421
145301    8159.9    1.44658
145401    8166.1    1.46991
145501    8172.44    1.49417
145601    8178.93    2.33477
145701    8185.42    1.48582
145801    8192.16    1.44981
145901    8199.33    1.60724
146001    8205.29    1.56301
146101    8211.87    1.7261
146201    8218.05    1.621
146301    8224.83    1.64723
146401    8231.41    1.64175
146501    8237.83    1.60113
146601    8244.24    1.52264
146701    8250.54    1.68267
146801    8257.16    1.61923
146901    8263.73    1.44724
147001    8270.21    1.52458
147101    8276.99    1.44456
147201    8283.48    1.44556
147301    8290.22    1.4768
147401    8296.74    1.51583
147501    8303.29    1.56118
147601    8309.69    1.66478
147701    8316.59    1.51038
147801    8323.21    1.60406
147901    8329.5    1.5521
148001    8336.02    1.44341
148101    8342.76    1.47399
148201    8348.78    1.58443
148301    8355.52    1.53864
148401    8362.11    1.64775
148501    8368.64    1.48021
148601    8374.94    1.49773
148701    8381.4    1.65291
148801    8387.6    1.42076
148901    8393.75    1.41721
149001    8399.95    1.45734
149101    8406    1.44431
149201    8412.45    1.53314
149301    8419.69    1.60911
149401    8426.36    1.66821
149501    8432.88    1.59894
149601    8439.31    1.67993
149701    8445.33    1.70062
149801    8451.68    1.44659
149901    8457.97    1.44242
150001    8464.36    1.38213
150101    8470.83    1.52795
150201    8477.5    1.72661
150301    8483.95    1.76227
150401    8490.66    1.86058
150501    8496.93    1.6236
150601    8503.22    1.42787
150701    8509.55    1.42339
150801    8515.97    1.54704
150901    8522.31    1.48407
151001    8529.27    1.52274
151101    8536.11    1.36722
151201    8542.44    1.46935
151301    8548.97    1.38514
151401    8555.4    1.51837
151501    8561.65    1.60129
151601    8568.04    1.54212
151701    8574.33    1.44179
151801    8580.8    1.38684
151901    8587.12    1.52619
152001    8593.55    1.39087
152101    8599.87    1.5009
152201    8606.27    1.58151
152301    8612.7    1.69487
152401    8619.09    1.56002
152501    8625.38    1.45104
152601    8632.03    1.50987
152701    8638.3    1.55192
152801    8644.86    1.49705
152901    8651.43    1.65831
153001    8657.93    1.59902
153101    8664.35    1.56398
153201    8671.02    1.53128
153301    8677.64    1.52225
153401    8683.96    1.67068
153501    8690.57    1.83446
153601    8696.88    1.47179
153701    8703.04    1.58118
153801    8709.33    1.81972
153901    8715.55    1.43249
154001    8721.9    1.46672
154101    8728.41    1.46175
154201    8734.86    1.48995
154301    8741.38    1.56725
154401    8748.02    1.45952
154501    8754.3    1.59157
154601    8760.71    1.82172
154701    8767.29    1.56916
154801    8773.7    1.48491
154901    8780.09    1.53112
155001    8786.65    1.71492
155101    8792.87    1.58212
155201    8799.14    1.70489
155301    8805.96    1.44126
155401    8812.17    1.43954
155501    8818.56    1.50917
155601    8824.8    1.50041
155701    8831.12    1.72697
155801    8837.68    1.59629
155901    8844.1    1.52265
156001    8850.65    1.60199
156101    8857.36    1.67526
156201    8864.29    1.88709
156301    8870.69    1.50968
156401    8877.08    1.54735
156501    8883.62    1.85808
156601    8890.28    1.43357
156701    8896.7    1.48363
156801    8903.04    1.59171
156901    8909.25    1.47095
157001    8916.09    1.48959
157101    8922.52    1.56831
157201    8928.29    1.64293
157301    8934.64    1.4523
157401    8941.05    1.7236
157501    8947.44    1.48276
157601    8954.07    1.59312
157701    8960.39    1.939
157801    8966.72    2.61748
157901    8973.24    1.6029
158001    8979.62    1.47976
158101    8986    1.52752
158201    8992.51    1.43356
158301    8999.21    1.56287
158401    9005.83    1.67445
158501    9012.06    1.55764
158601    9018.56    1.92501
158701    9025.18    1.53362
158801    9031.51    1.42823
158901    9038.19    1.60932
159001    9044.68    1.53716
159101    9050.86    2.22174
159201    9057.46    1.50634
159301    9063.49    2.10298
159401    9070.52    1.41357
159501    9076.81    1.36879
159601    9083.7    1.55897
159701    9090.19    1.47104
159801    9096.28    1.59044
159901    9102.62    1.4693
160001    9109.28    1.60067
160101    9116.39    1.62653
160201    9122.9    1.5509
160301    9129.28    1.56076
160401    9135.58    1.54649
160501    9142.24    1.55309
160601    9148.65    1.38142
160701    9154.62    1.72084
160801    9161.15    1.48368
160901    9168.02    1.55844
161001    9174.36    1.70837
161101    9180.79    1.63001
161201    9187.19    1.58586
161301    9193.45    1.62244
161401    9200.07    1.83389
161501    9206.39    1.36478
161601    9212.53    1.47598
161701    9218.53    1.53125
161801    9224.75    1.4869
161901    9231.14    1.51234
162001    9237.5    1.47593
162101    9243.74    1.47211
162201    9249.8    1.50607
162301    9256.18    1.61548
162401    9262.79    1.49001
162501    9269.28    1.4053
162601    9275.61    1.67164
162701    9282.04    1.46861
162801    9288.27    1.49832
162901    9294.56    1.537
163001    9300.92    1.51323
163101    9307.33    1.45051
163201    9313.45    1.50967
163301    9319.55    1.46524
163401    9326.14    1.66216
163501    9332.55    1.80603
163601    9338.85    1.48411
163701    9345.58    1.48957
163801    9351.84    1.381
163901    9358.41    1.5685
164001    9364.58    1.5508
164101    9371.43    1.58358
164201    9377.86    1.83307
164301    9384.5    1.82966
164401    9391.17    1.58688
164501    9397.72    1.5902
164601    9404.17    2.06391
164701    9410.42    2.20731
164801    9416.85    1.88856
164901    9423.68    1.62933
165001    9430.3    1.27389
165101    9436.73    1.42233
165201    9443.47    1.53508
165301    9449.86    1.37393
165401    9456.27    1.53617
165501    9462.71    1.73271
165601    9469.25    1.74967
165701    9475.7    1.60532
165801    9482.27    1.71508
165901    9488.88    1.52895
166001    9494.91    1.49355
166101    9501.5    1.78218
166201    9508.06    1.56131
166301    9514.34    1.56238
166401    9520.72    1.5656
166501    9527.18    1.37902
166601    9533.85    1.63587
166701    9540.16    1.60045
166801    9546.72    1.36354
166901    9553.45    1.27848
167001    9560    1.46395
167101    9566.66    1.434
167201    9573.16    1.25806
167301    9580    1.33861
167401    9586.93    1.47775
167501    9593.7    1.56709
167601    9600.6    1.69604
167701    9607.14    1.81747
167801    9613.65    1.3701
167901    9620.57    1.39731
168001    9627.36    1.36079
168101    9634.01    1.32596
168201    9640.5    1.54412
168301    9646.43    1.58958
168401    9653.06    1.45025
168501    9659.64    1.48422
168601    9666.32    2.19554
168701    9673.17    1.46162
168801    9679.89    1.37935
168901    9686.72    1.313
169001    9693.44    1.43831
169101    9700.35    1.42136
169201    9706.75    1.44159
169301    9713.83    1.47622
169401    9720.44    1.59231
169501    9726.72    1.42572
169601    9733.19    1.50427
169701    9739.31    1.52323
169801    9745.74    1.54191
169901    9752.38    1.42225
170001    9759.32    1.40421
170101    9765.39    1.46895
170201    9772.04    1.46992
170301    9778.3    1.53632
170401    9785.09    1.55121
170501    9791.68    1.65276
170601    9797.82    1.56077
170701    9804.42    1.93043
170801    9810.94    1.45441
170901    9817.21    1.63338
171001    9823.64    1.68948
171101    9830.27    1.43189
171201    9836.59    1.51356
171301    9842.89    1.54813
171401    9849.21    1.5191
171501    9855.73    1.51446
171601    9862.22    1.48167
171701    9868.83    1.49263
171801    9875.18    1.49323
171901    9881.42    1.5244
172001    9887.74    1.48504
172101    9894.34    1.48838
172201    9900.4    1.44132
172301    9906.59    1.43084
172401    9913.08    1.4462
172501    9919.46    1.56702
172601    9925.69    2.18407
172701    9931.9    1.494
172801    9938.34    1.57378
172901    9944.43    1.79317
173001    9950.6    1.63356
173101    9956.73    1.51836
173201    9963.46    1.58518
173301    9970.34    1.63493
173401    9976.61    1.74798
173501    9983.36    1.47685
173601    9989.97    1.59851
173701    9996.49    1.46831
173801    10003.5    1.35299
173901    10009.8    1.37798
174001    10016.2    1.58406
174101    10022.8    1.68827
174201    10029.2    1.46353
174301    10036.1    1.44405
174401    10042.9    1.3326
174501    10049.7    1.55808
174601    10056.3    1.50453
174701    10062.9    1.4822
174801    10069.8    1.67156
174901    10076    1.68681
175001    10082.3    1.47603
175101    10088.7    1.64566
175201    10095.5    1.45848
175301    10102.3    1.5035
175401    10108.8    1.47069
175501    10115.2    1.56913
175601    10122.2    1.45734
175701    10128.9    1.58876
175801    10135.3    1.67146
175901    10141.9    2.74227
176001    10148.6    1.53476
176101    10155.3    1.58065
176201    10161.9    1.72309
176301    10168.6    1.37546
176401    10175.1    1.55126
176501    10181.7    1.42235
176601    10188.2    1.59419
176701    10194.8    1.40755
176801    10201.6    1.91331
176901    10208.5    1.47317
177001    10215.4    1.62403
177101    10222.9    1.56023
177201    10230.3    1.7503
177301    10237.8    1.57876
177401    10244.6    1.6686
177501    10251.8    1.62944
177601    10259    1.4434
177701    10266.1    1.52062
177801    10273.6    1.44143
177901    10280.9    1.31333
178001    10288.1    1.48874
178101    10295.1    1.37753
178201    10302.1    1.43368
178301    10309    1.38308
178401    10315.1    1.32835
178501    10320.8    1.44122
178601    10326.6    1.47009
178701    10332.7    1.45863
178801    10337.9    1.49939
178901    10343.7    1.58132
179001    10349.5    1.49094
179101    10354.8    1.45823
179201    10360.3    1.43204
179301    10365.5    1.4522
179401    10371.2    1.45419
179501    10376.6    1.49199
179601    10381.3    1.61213
179701    10386.1    1.42336
179801    10390.9    1.51142
179901    10395.9    1.46406
180001    10400.9    1.5864
180101    10406.1    1.57213
180201    10411.1    1.53817
180301    10417.2    1.52582
180401    10423.4    1.60138
180501    10428.3    1.53341
180601    10432.4    1.50815
180701    10438.4    1.6093
180801    10444.1    1.50058
180901    10448.9    1.44754
181001    10454.7    1.45971
181101    10459.5    1.50293
181201    10465.3    1.39158
181301    10469.7    1.37978
181401    10475.4    1.45253
181501    10480.8    1.43024
181601    10485.6    1.38321
181701    10491.2    1.467
181801    10496.9    1.44059
181901    10503    1.50244
182001    10507.7    1.42845
182101    10513.5    1.42176
182201    10519.3    1.34583
182301    10524.8    1.54649
182401    10530    1.5302
182501    10536.2    1.45861
182601    10541.8    1.3299
182701    10547.5    1.34928
182801    10552.9    1.33835
182901    10557.3    1.4825
183001    10563    1.39346
183101    10569.2    1.53697
183201    10574.7    1.47926
183301    10581.8    1.43582
183401    10587.2    1.43581
183501    10593    1.58618
183601    10598.7    1.45646
183701    10605.2    1.55547
183801    10611    1.45455
183901    10616.1    1.53328
184001    10620.6    1.50417
184101    10626.4    1.70622
184201    10631.3    1.5797
184301    10636.8    1.43357
184401    10642.1    1.46425
184501    10647.3    1.47475
184601    10653.1    1.53847
184701    10659.1    1.61893
184801    10664.8    1.58638
184901    10669.4    1.58202
185001    10675.1    1.77297
185101    10680    1.81365
185201    10685.6    1.38757
185301    10691.4    1.35765
185401    10696    1.44042
185501    10701.8    1.61541
185601    10706.8    1.60866
185701    10712.6    1.53474
185801    10717.8    1.5125
185901    10723.3    1.45508
186001    10728.4    1.6307
186101    10734.2    1.79275
186201    10739.3    1.79365
186301    10745    1.70329
186401    10751    1.66498
186501    10757    1.45401
186601    10763    1.55714
186701    10769.1    1.50518
186801    10774.2    1.69088
186901    10780.4    1.56781
187001    10785.6    1.42993
187101    10791.1    1.51319
187201    10796.1    1.5971
187301    10801.5    1.45562
187401    10806.9    1.59972
187501    10812.5    2.35415
187601    10817    1.50067
187701    10822.2    1.62571
187801    10827    1.73857
187901    10832.6    1.78451
188001    10838.3    1.34756
188101    10843.4    1.59953
188201    10848.9    1.46907
188301    10854.4    1.57335
188401    10859.3    1.80317
188501    10863.8    2.05936
188601    10869.8    1.53247
188701    10874.5    1.35639
188801    10879.7    1.41253
188901    10885.1    1.49867
189001    10890.9    1.56719
189101    10896.7    1.54165
189201    10902    1.49406
189301    10907.1    1.43197
189401    10912.4    1.47817
189501    10917.4    1.42373
189601    10923.5    1.58147
189701    10929.4    1.45588
189801    10935.5    1.45501
189901    10941.4    1.44395
190001    10946.7    1.47498
190101    10951.9    1.56709
190201    10957.1    1.62006
190301    10962.5    1.77562
190401    10968.5    1.68186
190501    10974.2    1.72001
190601    10979.5    2.01486
190701    10984.9    1.51758
190801    10990.4    1.56239
190901    10995.8    1.5021
191001    11001.2    1.76849
191101    11006.3    1.6744
191201    11011    1.70492
191301    11016.2    1.75721
191401    11022.1    1.59408
191501    11027.1    1.56679
191601    11032    1.60999
191701    11037.7    1.55544
191801    11043.3    1.46344
191901    11048.9    1.40456
192001    11053.7    1.45316
192101    11058.8    1.44083
192201    11064.8    1.34215
192301    11070.9    1.58202
192401    11075.8    1.48381
192501    11081.4    1.43153
192601    11087    1.41263
192701    11091.5    1.45962
192801    11096.5    1.46267
192901    11101.3    1.62752
193001    11107    1.48751
193101    11112.7    1.51709
193201    11118.4    1.43836
193301    11123.3    1.61239
193401    11128.2    1.68626
193501    11132.7    1.42853
193601    11137.9    1.4683
193701    11142.9    1.58486
193801    11148.1    1.53344
193901    11153.8    1.54914
194001    11159.4    1.49413
194101    11164.6    1.94359
194201    11169.7    1.52311
194301    11174.9    1.57913
194401    11180.4    1.66161
194501    11185.7    1.60425
194601    11191    2.04284
194701    11196.2    2.04777
194801    11201.8    1.4477
194901    11207.2    1.54408
195001    11212.1    1.48179
195101    11217    1.49612
195201    11222    1.44627
195301    11226.7    1.54161
195401    11231.3    1.57609
195501    11237.1    1.47219
195601    11243    1.46723
195701    11247.6    1.47694
195801    11252.5    1.70208
195901    11257.6    1.58665
196001    11263    1.7257
196101    11267.8    1.69875
196201    11272.9    1.65084
196301    11278.1    1.67808
196401    11283.7    1.33557
196501    11288.8    1.50049
196601    11294.3    1.52722
196701    11300    1.65694
196801    11305    1.50919
196901    11309.6    1.61884
197001    11314.7    1.48575
197101    11320    1.57006
197201    11325    2.14187
197301    11330.4    1.51227
197401    11334.8    1.46695
197501    11340.2    1.58677
197601    11345.9    1.44902
197701    11351.6    1.38616
197801    11357.1    1.44853
197901    11362.9    1.53353
198001    11368.6    1.58582
