1    2.34291    2.16033
101    7.75373    2.51098
201    12.4621    2.5252
301    17.7439    2.53828
401    22.868    2.4468
501    28.117    2.35577
601    33.0793    2.48221
701    38.1932    2.80804
801    43.3971    2.4803
901    47.8659    2.52549
1001    53.3299    2.312
1101    58.2574    2.81672
1201    63.8915    2.39611
1301    68.6019    2.32225
1401    73.73    2.29287
1501    78.8255    2.82192
1601    83.8451    2.20215
1701    88.6927    2.22378
1801    94.1445    2.31864
1901    99.6864    2.23685
2001    105.093    2.38205
2101    110.019    2.16294
2201    115.171    2.20616
2301    120.306    2.19395
2401    125.311    2.06983
2501    130.72    2.18568
2601    135.961    2.17232
2701    141.345    2.17704
2801    146.538    2.13954
2901    151.505    2.13836
3001    156.914    2.67932
3101    162.046    2.05488
3201    167.277    2.12384
3301    172.19    2.076
3401    177.392    2.0631
3501    182.428    2.09577
3601    187.216    1.99734
3701    192.803    1.97771
3801    197.769    2.10337
3901    202.6    2.19511
4001    207.534    2.16363
4101    212.888    2.15409
4201    217.883    2.28046
4301    222.9    2.22507
4401    228.178    2.10046
4501    233.587    2.06765
4601    238.184    2.24356
4701    242.987    1.80443
4801    248.136    1.91564
4901    253.35    2.02226
5001    257.944    1.93156
5101    263.031    2.00048
5201    268.212    2.02964
5301    273.05    2.26902
5401    278.297    1.98703
5501    283.595    1.97701
5601    288.625    2.06403
5701    294.072    1.95022
5801    299.311    1.87877
5901    304.624    1.90724
6001    309.955    2.10037
6101    314.909    2.2079
6201    319.824    1.892
6301    324.878    1.87645
6401    329.712    2.08442
6501    335.038    1.90844
6601    340.283    1.99441
6701    345.168    1.9442
6801    349.899    1.86464
6901    354.984    1.80291
7001    360.083    1.97262
7101    365.382    1.93574
7201    370.289    1.95789
7301    375.386    1.82152
7401    379.802    1.74602
7501    384.809    1.88273
7601    390.226    1.90473
7701    395.102    1.8487
7801    400.323    1.95731
7901    405.578    1.97651
8001    410.573    2.05071
8101    415.842    1.84774
8201    420.332    1.87473
8301    425.269    2.10451
8401    430.033    2.02223
8501    435.417    2.04915
8601    440.435    1.87525
8701    445.751    2.18676
8801    450.963    1.91422
8901    456.38    1.87995
9001    461.351    1.95134
9101    466.663    1.89719
9201    471.863    1.91139
9301    477.153    1.79389
9401    482.036    1.79037
9501    487.574    1.81597
9601    492.753    1.90822
9701    498.182    1.95706
9801    503.204    2.08319
9901    508.256    1.75283
10001    513.677    1.82093
10101    518.926    1.83319
10201    524.02    1.82511
10301    528.646    2.04471
10401    533.797    1.89513
10501    538.862    2.03504
10601    543.877    1.80505
10701    549.134    1.81429
10801    554.144    1.80783
10901    559.231    1.70865
11001    564.808    1.86596
11101    569.868    1.8384
11201    574.812    1.92303
11301    580.233    1.91144
11401    585.368    1.76699
11501    590.383    2.15545
11601    595.292    1.76564
11701    601.027    1.80994
11801    606.024    1.91378
11901    611.008    1.78301
12001    616.059    2.02886
12101    621.085    2.17064
12201    626.227    1.85501
12301    631.779    1.98774
12401    636.948    1.76633
12501    641.872    2.0221
12601    647.408    1.84607
12701    652.718    1.91973
12801    657.914    1.95123
12901    662.852    1.98808
13001    667.576    1.88089
13101    673.247    1.91216
13201    678.47    1.83222
13301    683.659    1.98604
13401    688.765    1.80834
13501    694.274    1.88341
13601    699.75    1.92206
13701    704.344    1.75246
13801    709.587    1.81331
13901    714.775    1.87069
14001    719.565    1.91681
14101    724.541    1.8082
14201    729.477    1.80645
14301    734.695    1.799
14401    739.86    1.9269
14501    745.06    1.88509
14601    750.076    1.93219
14701    755.38    1.93424
14801    760.609    1.93109
14901    766.048    1.87037
15001    771.146    1.90532
15101    776.26    1.86956
15201    781.738    1.87317
15301    786.661    1.96387
15401    792.332    1.78507
15501    797.397    1.95569
15601    802.849    1.83732
15701    808.335    1.89709
15801    813.222    1.7223
15901    818.463    1.83062
16001    823.701    1.98917
16101    828.918    1.8906
16201    833.917    1.93527
16301    838.939    1.91335
16401    844.005    2.2103
16501    848.828    1.84038
16601    853.764    1.93617
16701    858.837    1.81027
16801    864.07    1.78476
16901    869.689    1.96364
17001    874.67    1.86887
17101    880.31    2.06932
17201    885.803    1.92855
17301    890.812    1.92404
17401    896.057    1.82891
17501    901.075    1.80875
17601    906.252    1.86482
17701    911.774    1.82669
17801    917.273    1.85202
17901    922.464    2.01714
18001    927.658    1.77158
18101    932.837    1.85789
18201    937.593    1.93486
18301    942.459    2.15642
18401    947.851    1.80168
18501    952.953    1.75229
18601    958.089    1.77382
18701    963.16    1.73428
18801    968.096    1.84588
18901    973.183    1.76425
19001    978.766    1.80007
19101    983.771    1.89987
19201    989.135    1.91245
19301    994.165    1.76403
19401    999.258    2.00155
19501    1004.06    2.36326
19601    1009.22    1.77244
19701    1014.59    1.76014
19801    1019.89    1.84919
19901    1024.98    1.92953
20001    1030.19    1.83209
20101    1035.3    1.81883
20201    1040.64    1.80297
20301    1045.61    2.10585
20401    1051.07    1.77782
20501    1056.56    1.65533
20601    1061.81    1.795
20701    1066.84    1.6416
20801    1072.13    1.77493
20901    1077.84    1.68565
21001    1082.96    1.76051
21101    1088.15    1.83466
21201    1093.28    1.80261
21301    1098.77    1.78861
21401    1103.84    1.62231
21501    1108.61    1.99526
21601    1113.65    1.88085
21701    1118.9    2.55183
21801    1123.98    1.75914
21901    1129.02    1.78054
22001    1134.1    1.80408
22101    1138.75    1.74694
22201    1143.94    1.90939
22301    1149.31    1.86629
22401    1154.21    1.78366
22501    1159.36    1.93738
22601    1164.48    1.75228
22701    1169.03    1.82331
22801    1174.37    1.87481
22901    1179.46    1.72632
23001    1184.41    1.80893
23101    1189.4    1.82885
23201    1194.42    1.81338
23301    1199.32    1.74749
23401    1204.64    2.00875
23501    1209.9    1.81201
23601    1215.42    1.75191
23701    1220.47    1.93319
23801    1225.08    2.1299
23901    1230    2.17341
24001    1234.87    1.75421
24101    1239.76    1.90926
24201    1245.21    1.94456
24301    1250.01    1.94297
24401    1254.93    1.87621
24501    1259.87    1.91471
24601    1265.38    1.68272
24701    1270.5    1.83412
24801    1275.74    1.79154
24901    1281.74    1.84482
25001    1286.9    1.81438
25101    1291.51    1.84753
25201    1296.57    1.70109
25301    1301.45    1.85233
25401    1306.55    1.88712
25501    1311.93    1.76873
25601    1317.4    1.71963
25701    1322.48    1.84531
25801    1328.1    1.86221
25901    1333.35    1.98488
26001    1338.65    1.76874
26101    1343.83    2.16582
26201    1349    2.08059
26301    1354.32    1.73049
26401    1359.53    1.87121
26501    1364.57    1.69958
26601    1369.9    1.72336
26701    1375.15    1.76254
26801    1380.32    1.79863
26901    1385.25    1.79804
27001    1390.69    1.79065
27101    1395.7    1.81446
27201    1400.8    1.76859
27301    1405.85    1.73402
27401    1410.61    1.82141
27501    1416.13    1.94618
27601    1421.42    1.78599
27701    1426.27    1.82407
27801    1431.86    1.9805
27901    1437.23    1.81948
28001    1442.3    1.84337
28101    1447.64    1.94337
28201    1452.96    1.78803
28301    1458.66    1.89907
28401    1463.9    1.89118
28501    1468.7    1.90118
28601    1473.75    2.00984
28701    1479.09    1.82836
28801    1484.1    1.86178
28901    1489.14    1.93298
29001    1494.85    1.91512
29101    1499.91    1.88871
29201    1505.08    2.12722
29301    1509.92    1.88912
29401    1515.02    1.84838
29501    1520.29    1.77121
29601    1525.48    2.02159
29701    1530.76    1.8645
29801    1535.86    1.96119
29901    1541.06    1.82644
30001    1545.71    2.02647
30101    1550.58    1.74854
30201    1555.97    1.90578
30301    1560.96    1.67067
30401    1565.96    2.07565
30501    1570.98    1.71921
30601    1576.18    1.83831
30701    1581.06    1.80581
30801    1586.53    1.83188
30901    1591.74    1.86738
31001    1596.51    1.90726
31101    1601.67    1.83657
31201    1606.81    1.92652
31301    1611.66    1.88486
31401    1616.52    2.01462
31501    1621.28    1.88913
31601    1626.3    1.74679
31701    1631.38    1.79407
31801    1636.5    1.79792
31901    1641.68    1.78956
32001    1646.58    1.73378
32101    1652.06    1.85026
32201    1656.57    1.76869
32301    1661.43    1.78071
32401    1666.31    1.91919
32501    1671.23    1.87573
32601    1676.3    1.78736
32701    1681.26    1.98122
32801    1686.36    1.73411
32901    1691.29    1.74063
33001    1695.97    1.72066
33101    1700.87    1.73565
33201    1705.91    1.78069
33301    1711.32    1.70575
33401    1716.18    1.76781
33501    1721.37    1.81775
33601    1726.78    1.90206
33701    1731.71    1.82781
33801    1736.78    1.88593
33901    1742.35    1.88101
34001    1747.82    1.76826
34101    1752.98    1.97138
34201    1757.8    1.77566
34301    1762.26    1.84434
34401    1766.62    1.9183
34501    1771.76    1.94989
34601    1776.81    1.86645
34701    1781.62    1.81868
34801    1786.78    1.93372
34901    1791.75    2.036
35001    1796.75    1.75295
35101    1802.03    1.833
35201    1807.08    1.77718
35301    1811.53    1.87859
35401    1816.43    1.74233
35501    1821.53    1.78471
35601    1826.59    1.79145
35701    1831.95    1.88692
35801    1836.96    1.82027
35901    1841.49    1.8008
36001    1846.8    1.78351
36101    1851.91    1.95142
36201    1856.72    1.94041
36301    1862.09    1.7642
36401    1867.48    1.84541
36501    1872.57    2.05745
36601    1878.13    1.8107
36701    1882.79    1.7782
36801    1887.55    1.90898
36901    1892.47    2.23547
37001    1897.52    1.73531
37101    1902.35    1.77489
37201    1907.38    1.82466
37301    1912.38    1.62501
37401    1917.36    1.77778
37501    1922.29    1.84797
37601    1926.82    1.99674
37701    1932.31    1.74339
37801    1937.03    1.78239
37901    1941.73    1.83238
38001    1947.16    1.88177
38101    1952.09    1.98192
38201    1956.86    1.85875
38301    1962.01    1.68859
38401    1967.47    1.80014
38501    1972.38    1.81373
38601    1977.46    1.77449
38701    1982.54    1.83486
38801    1987.65    1.88167
38901    1992.91    1.77529
39001    1997.99    1.71687
39101    2003.26    1.84844
39201    2008.63    1.78713
39301    2013.67    1.86214
39401    2018.79    1.89922
39501    2023.91    1.93113
39601    2029.04    1.97183
39701    2034.52    1.74948
39801    2039.81    1.68045
39901    2044.93    1.83426
40001    2050.37    1.87851
40101    2055.11    1.79272
40201    2060    1.90618
40301    2065.07    1.96787
40401    2070.39    1.77158
40501    2075.93    1.7897
40601    2081.25    1.86845
40701    2086.64    1.95824
40801    2091.73    1.96919
40901    2096.64    1.75193
41001    2102.06    1.78399
41101    2107.51    2.10852
41201    2112.8    1.8671
41301    2117.81    1.70971
41401    2122.13    1.82761
41501    2126.83    1.76036
41601    2131.99    1.81437
41701    2137.52    1.91292
41801    2142.63    1.77538
41901    2147.66    1.73001
42001    2152.65    1.7523
42101    2157.63    1.88665
42201    2162.7    1.86387
42301    2167.84    1.78977
42401    2173.19    1.87234
42501    2178.41    1.94273
42601    2183.64    2.00899
42701    2188.93    2.01966
42801    2194.12    1.82737
42901    2198.94    2.09448
43001    2204.28    1.8416
43101    2209.51    1.76748
43201    2214.82    1.74371
43301    2220.57    1.96474
43401    2225.73    1.93032
43501    2230.72    1.90291
43601    2235.91    1.7507
43701    2241.2    1.88097
43801    2246.24    1.95374
43901    2251.56    2.17627
44001    2256.98    1.77348
44101    2262.31    1.86723
44201    2267.21    1.75907
44301    2272.35    1.77119
44401    2277.4    2.01777
44501    2282.57    1.7335
44601    2287.62    1.87845
44701    2292.84    1.83871
44801    2298.04    1.90809
44901    2302.99    1.73605
45001    2308.05    1.80797
45101    2313.25    1.7469
45201    2318.3    1.78112
45301    2323.51    1.83541
45401    2328.86    1.79117
45501    2333.84    1.82698
45601    2338.94    1.81824
45701    2343.86    1.87991
45801    2348.84    2.60453
45901    2353.63    1.8657
46001    2358.82    1.76993
46101    2364.41    1.92852
46201    2369.68    1.9144
46301    2374.39    1.95934
46401    2379.74    1.87342
46501    2384.63    1.83562
46601    2389.89    1.87355
46701    2394.75    1.78492
46801    2399.24    1.77033
46901    2404.26    1.86116
47001    2409.51    1.88569
47101    2414.62    1.94589
47201    2419.51    1.95307
47301    2424.85    1.8227
47401    2430.11    1.78199
47501    2435.51    1.95505
47601    2440.65    2.06578
47701    2445.97    1.74851
47801    2450.96    1.86321
47901    2456.05    1.89583
48001    2461.22    2.76765
48101    2466.41    1.75838
48201    2471.54    1.80501
48301    2476.57    1.93651
48401    2482.57    1.78121
48501    2487.7    1.83871
48601    2492.81    1.84866
48701    2497.66    2.02308
48801    2502.98    1.83962
48901    2508.35    1.90613
49001    2513.93    1.6832
49101    2518.88    1.85391
49201    2524.25    1.78794
49301    2529.3    1.90435
49401    2533.61    1.65244
49501    2539.1    1.69357
49601    2544.52    1.70326
49701    2549.77    1.67142
49801    2554.35    1.75628
49901    2559.45    1.78498
50001    2564.63    1.76779
50101    2569.83    1.70589
50201    2575.25    1.75518
50301    2580.96    1.80162
50401    2586.18    1.8526
50501    2591.8    1.89864
50601    2596.11    1.82111
50701    2601.26    1.81047
50801    2605.97    1.80414
50901    2611.27    1.83429
51001    2616.33    1.89664
51101    2621.34    1.94165
51201    2626.46    1.96626
51301    2631.52    1.75757
51401    2636.83    1.82441
51501    2641.36    1.86211
51601    2645.98    1.85792
51701    2650.94    2.02524
51801    2656.33    1.89628
51901    2661.57    1.75734
52001    2667.02    1.84407
52101    2671.98    1.93568
52201    2676.89    1.91734
52301    2681.8    1.74036
52401    2686.97    1.90854
52501    2692.39    1.89555
52601    2697.48    1.71673
52701    2702.63    2.00572
52801    2707.45    1.89218
52901    2712.82    1.93345
53001    2717.93    1.83846
53101    2722.98    1.73835
53201    2727.9    1.86535
53301    2733.19    1.73858
53401    2738.87    1.85159
53501    2743.72    2.03362
53601    2748.52    1.93601
53701    2753.26    2.10938
53801    2758.16    1.75994
53901    2763.15    1.74915
54001    2768.03    1.79256
54101    2773.86    1.85482
54201    2778.42    1.96391
54301    2783.94    1.80298
54401    2788.72    1.85006
54501    2793.82    2.14911
54601    2798.91    1.93453
54701    2803.82    1.81444
54801    2808.97    1.93595
54901    2814.04    1.86808
55001    2819.71    1.88521
55101    2824.93    2.17294
55201    2830.07    2.02073
55301    2834.94    1.83317
55401    2839.79    1.9904
55501    2844.79    1.86549
55601    2850.12    1.8573
55701    2855.12    1.89961
55801    2860.56    1.71334
55901    2865.24    1.943
56001    2870.25    1.84669
56101    2875.18    1.83138
56201    2879.98    1.89802
56301    2885.28    2.04985
56401    2890.89    1.7064
56501    2895.59    1.65783
56601    2900.9    1.70722
56701    2905.96    1.72178
56801    2910.86    1.76744
56901    2916.36    1.72125
57001    2921.62    1.71518
57101    2927.01    1.77864
57201    2932.31    1.74865
57301    2937.7    1.85072
57401    2943.09    1.82439
57501    2947.48    1.84815
57601    2952.4    1.85471
57701    2957.41    1.77089
57801    2962.86    1.82153
57901    2968.4    1.88973
58001    2973.55    1.81811
58101    2978.82    1.71382
58201    2984.46    1.8064
58301    2990.13    1.81518
58401    2995.38    1.86122
58501    3000.32    1.94776
58601    3005.1    1.69657
58701    3009.99    1.75833
58801    3015.29    1.97151
58901    3020.17    1.93463
59001    3024.86    1.73155
59101    3030.6    1.93794
59201    3035.4    1.67344
59301    3040.71    1.75572
59401    3045.75    1.89024
59501    3050.65    2.16842
59601    3055.54    1.79603
59701    3060.85    1.79392
59801    3066.11    2.12675
59901    3071.09    1.97801
60001    3076.1    1.71118
60101    3080.82    1.70518
60201    3086.39    1.85351
60301    3091.93    1.83564
60401    3097.42    1.75552
60501    3102.48    1.82009
60601    3107    1.78146
60701    3112.39    1.873
60801    3116.86    1.87718
60901    3122.4    1.82699
61001    3127.71    1.87907
61101    3132.76    1.81356
61201    3137.91    1.83317
61301    3142.94    1.721
61401    3148.32    1.86512
61501    3153.5    1.79502
61601    3158.43    1.89709
61701    3164.12    1.74276
61801    3169.24    1.71164
61901    3173.92    1.80579
62001    3178.91    1.81077
62101    3183.9    1.7587
62201    3189.48    1.73753
62301    3194.24    1.83561
62401    3199.1    1.88139
62501    3203.74    1.79053
62601    3208.5    1.85039
62701    3213.8    1.90119
62801    3218.6    1.74794
62901    3224.01    1.88604
63001    3229.11    2.01625
63101    3234.23    1.79471
63201    3239.85    1.89951
63301    3244.96    1.85132
63401    3250.1    1.82822
63501    3254.85    1.69764
63601    3260.47    1.737
63701    3265.7    1.92598
63801    3270.84    1.868
63901    3275.71    1.81904
64001    3280.84    1.67549
64101    3285.51    1.93936
64201    3290.69    1.99373
64301    3295.81    2.12784
64401    3301.03    1.98783
64501    3306.07    1.74517
64601    3311.09    1.82863
64701    3316.27    1.87398
64801    3321.49    1.8444
64901    3326.7    1.70861
65001    3331.95    1.694
65101    3337.08    1.81934
65201    3342.07    1.9351
65301    3347.53    1.87272
65401    3352.98    1.7651
65501    3358.16    1.72459
65601    3363.07    1.82535
65701    3368.08    1.83406
65801    3372.97    2.05843
65901    3378.08    1.80302
66001    3382.91    1.7556
66101    3388.33    1.81099
66201    3393.01    1.82058
66301    3397.92    1.80361
66401    3403.12    1.82069
66501    3408.35    1.86898
66601    3413.39    1.73827
66701    3418.78    1.81194
66801    3424.96    1.8047
66901    3430.23    1.92028
67001    3435.36    1.68595
67101    3440.39    1.93834
67201    3445.28    2.04639
67301    3449.88    1.71293
67401    3455.21    1.87332
67501    3460.51    1.75181
67601    3466.23    1.74005
67701    3471.56    1.79266
67801    3476.54    1.62742
67901    3481.57    1.71398
68001    3486.68    1.82417
68101    3491.46    1.87306
68201    3496.47    2.00473
68301    3501.03    1.84304
68401    3505.95    1.75273
68501    3510.82    1.77713
68601    3516.34    1.82556
68701    3520.94    1.75329
68801    3525.76    1.75293
68901    3531.13    1.71935
69001    3536.07    1.84369
69101    3541.35    1.77965
69201    3546.59    1.73067
69301    3551.6    1.70838
69401    3556.69    1.89089
69501    3562.3    1.88824
69601    3567.48    1.88428
69701    3572.62    1.71556
69801    3577.76    1.89506
69901    3582.85    2.00212
70001    3588.05    1.97717
70101    3593.17    1.93464
70201    3598.28    1.94999
70301    3603.64    1.97829
70401    3608.99    2.94851
70501    3613.95    1.72488
70601    3618.93    1.74599
70701    3624.78    1.86565
70801    3629.6    1.8736
70901    3634.61    1.97923
71001    3640.05    2.42555
71101    3645.44    1.79696
71201    3650.22    1.84381
71301    3655.29    1.91906
71401    3660.38    1.96969
71501    3665.64    1.8318
71601    3670.9    1.80092
71701    3675.86    1.78754
71801    3681.26    1.76168
71901    3686.52    1.84191
72001    3691.39    1.96992
72101    3696.62    1.70768
72201    3701.69    1.79572
72301    3706.6    1.79091
72401    3711.41    1.81351
72501    3716.43    1.69301
72601    3721.8    1.88237
72701    3726.88    1.85486
72801    3731.39    2.12326
72901    3736.51    1.86408
73001    3741.72    1.98835
73101    3747.18    1.63604
73201    3752.33    1.72336
73301    3756.9    1.7342
73401    3761.41    1.66002
73501    3766.63    1.65645
73601    3771.51    1.83619
73701    3777.19    1.72768
73801    3782.05    1.78019
73901    3787.28    1.73658
74001    3792.27    1.73351
74101    3796.93    1.87143
74201    3801.93    1.82107
74301    3806.6    1.96928
74401    3811.43    1.76351
74501    3816.54    1.74124
74601    3821.86    1.76055
74701    3826.9    1.75109
74801    3831.55    1.79626
74901    3836.69    1.72136
75001    3841.93    1.79186
75101    3847.19    1.84473
75201    3852.4    1.78841
75301    3857.53    1.76135
75401    3862.36    1.67235
75501    3867.59    1.8523
75601    3872.71    1.70241
75701    3877.88    1.73618
75801    3882.51    1.89061
75901    3887.1    1.84824
76001    3891.99    1.78918
76101    3897.18    1.78768
76201    3902.55    1.75176
76301    3907.82    1.82618
76401    3912.72    1.91292
76501    3917.84    1.87463
76601    3922.69    2.04803
76701    3928.33    1.75904
76801    3933.5    1.75928
76901    3938.81    1.872
77001    3944    1.68197
77101    3949.05    1.77295
77201    3954.31    1.73485
77301    3959.66    1.80546
77401    3964.9    1.77973
77501    3970.11    1.86885
77601    3974.53    1.87559
77701    3979.89    1.87427
77801    3984.93    2.05496
77901    3990.49    1.92126
78001    3996.01    1.79709
78101    4000.85    1.88793
78201    4005.7    1.92687
78301    4010.79    1.81082
78401    4016.44    1.75059
78501    4021.5    1.71545
78601    4027.08    1.72058
78701    4032.65    1.818
78801    4037.62    1.78128
78901    4042.51    1.86148
79001    4047.27    1.64518
79101    4052.09    1.8447
79201    4056.78    1.87552
79301    4061.98    1.93657
79401    4067.53    1.84343
79501    4072.77    1.75555
79601    4077.94    1.84879
79701    4082.65    1.85374
79801    4087.75    1.70046
79901    4093.17    2.3207
80001    4098.32    1.76975
80101    4103.57    1.81859
80201    4108.73    1.7335
80301    4113.48    1.74001
80401    4118.4    1.92382
80501    4123.14    1.69665
80601    4128.15    1.8135
80701    4133.43    1.7985
80801    4138.72    1.7792
80901    4143.93    1.87879
81001    4148.79    1.98059
81101    4153.81    1.81249
81201    4158.33    1.76416
81301    4163.64    2.14426
81401    4168.47    1.7636
81501    4173.41    1.69512
81601    4178.35    1.73119
81701    4183.31    1.74481
81801    4188.56    1.71677
81901    4193.86    1.74041
82001    4198.72    1.76194
82101    4204.33    1.73901
82201    4209.34    1.86815
82301    4214.76    1.84073
82401    4220.23    1.83405
82501    4225.39    1.688
82601    4230.56    1.79428
82701    4235.63    1.87528
82801    4240.58    1.80741
82901    4245.99    1.62714
83001    4250.78    1.74645
83101    4255.85    1.95297
83201    4260.41    1.77377
83301    4266.25    1.67243
83401    4271.63    1.75246
83501    4276.88    1.66965
83601    4281.99    1.86655
83701    4286.8    1.78693
83801    4291.8    1.80559
83901    4297.06    2.01873
84001    4301.64    1.85111
84101    4306.4    1.85139
84201    4311.13    1.90153
84301    4316.29    1.90323
84401    4321.28    1.98733
84501    4326.17    2.00264
84601    4331.61    1.73734
84701    4336.47    1.79186
84801    4341.03    1.8656
84901    4345.88    2.3689
85001    4351.16    1.91515
85101    4356.53    2.02256
85201    4362.05    1.78419
85301    4367.22    1.89525
85401    4372.52    1.86586
85501    4377.36    1.92768
85601    4382.01    1.82505
85701    4386.83    1.83155
85801    4392.03    1.82842
85901    4397.15    1.8941
86001    4401.9    1.83802
86101    4407.05    1.72539
86201    4412.38    1.82215
86301    4417.56    1.74436
86401    4422.88    1.96598
86501    4428.08    1.71351
86601    4433.15    1.63956
86701    4438.06    1.80331
86801    4443.46    1.83711
86901    4448.26    1.81869
87001    4453.62    1.83962
87101    4458.87    1.67824
87201    4463.13    1.72162
87301    4468.65    1.85921
87401    4473.64    1.77498
87501    4478.36    1.83035
87601    4483.35    1.78531
87701    4488.21    1.86045
87801    4493.03    1.92115
87901    4498.17    2.34471
88001    4503.18    1.79315
88101    4508.12    1.79274
88201    4513.31    1.75311
88301    4518.58    1.73654
88401    4523.18    1.89026
88501    4528.36    1.80834
88601    4533.08    2.05554
88701    4538.38    1.86446
88801    4543.15    1.88262
88901    4547.94    1.779
89001    4553.18    1.87555
89101    4558.33    2.01576
89201    4563.66    1.98227
89301    4569.1    1.80159
89401    4574.18    1.65167
89501    4579.12    1.7624
89601    4584.32    1.77183
89701    4589.72    1.75618
89801    4595.02    1.7421
89901    4600.52    1.85972
90001    4605.78    1.78455
90101    4610.44    1.68974
90201    4615.5    1.6992
90301    4620.82    1.80259
90401    4626.03    1.72529
90501    4631.66    1.80461
90601    4636.46    1.74203
90701    4641.42    1.85353
90801    4646.67    1.96572
90901    4651.43    1.68601
91001    4656.58    1.79725
91101    4661.7    1.75639
91201    4666.91    1.8273
91301    4672.29    1.72294
91401    4677.47    1.75733
91501    4682.83    1.71674
91601    4687.77    1.70565
91701    4692.68    1.69067
91801    4697.81    1.69445
91901    4703.01    1.86619
92001    4708.09    1.72555
92101    4713.25    1.71911
92201    4718.42    1.73444
92301    4723.71    1.77978
92401    4728.67    1.75886
92501    4733.73    1.74285
92601    4738.43    1.77013
92701    4743.22    1.73972
92801    4748.65    1.70675
92901    4753.72    1.73754
93001    4758.7    1.85031
93101    4763.75    1.80648
93201    4768.85    1.8286
93301    4773.28    1.83532
93401    4778.36    1.83224
93501    4783.4    1.75721
93601    4788.71    1.78681
93701    4793.61    1.86124
93801    4799.13    1.81497
93901    4804.26    1.79909
94001    4809    1.76903
94101    4814.23    1.75204
94201    4819.11    1.97569
94301    4824.08    2.05079
94401    4829.46    1.73311
94501    4834.93    2.02574
94601    4840.26    2.77832
94701    4845.29    1.85192
94801    4850.5    1.75551
94901    4855.62    1.88475
95001    4861.57    1.90192
95101    4865.97    1.83143
95201    4870.96    1.90608
95301    4876.48    1.73079
95401    4881.71    1.70868
95501    4886.52    1.7394
95601    4891.78    1.82659
95701    4896.91    1.9503
95801    4901.81    1.73164
95901    4906.63    1.8098
96001    4911.58    1.63025
96101    4916.22    1.78678
96201    4921.23    1.8296
96301    4926.44    2.05543
96401    4931.65    1.82413
96501    4936.95    1.76313
96601    4942.58    1.82525
96701    4947.83    1.91596
96801    4952.61    2.20072
96901    4957.79    2.10581
97001    4963.05    1.85294
97101    4968.2    1.78563
97201    4973.42    1.87574
97301    4978.34    1.85907
97401    4983.11    1.87177
97501    4987.83    1.94031
97601    4993.21    1.88494
97701    4998.03    1.90077
97801    5003.1    1.90425
97901    5008.48    1.74863
98001    5013.5    1.90823
98101    5018.16    1.88076
98201    5023.64    1.76944
98301    5028.86    1.72143
98401    5033.96    1.76778
98501    5039.44    1.84001
98601    5044.38    1.92267
98701    5050.4    1.80945
98801    5055.41    1.97879
98901    5060.21    1.94094
99001    5065.31    1.75055
99101    5070.07    1.78712
99201    5074.74    1.80885
99301    5079.4    1.69081
99401    5084.91    1.96402
99501    5090.05    1.94679
99601    5095.6    1.71508
99701    5101    1.62902
99801    5106.26    1.70523
99901    5111.37    1.80878
100001    5116.81    1.93772
100101    5122.15    1.68682
100201    5127.14    1.76892
100301    5132.3    2.05822
100401    5137.17    1.73122
100501    5141.59    1.92767
100601    5147.07    1.74289
100701    5152    1.81628
100801    5157.2    1.72506
100901    5162.15    1.80622
101001    5166.96    1.89353
101101    5172.04    1.70217
101201    5176.71    1.67384
101301    5182.12    1.7433
101401    5187.16    1.811
101501    5192.19    1.69172
101601    5197.69    1.73568
101701    5202.75    1.72143
101801    5207.74    1.81234
101901    5212.74    1.75875
102001    5217.69    1.74253
102101    5222.73    1.82741
102201    5228.08    1.66571
102301    5232.79    1.88038
102401    5237.94    1.75624
102501    5243.2    1.78961
102601    5248.29    1.77865
102701    5253.42    1.85773
102801    5258.74    1.78344
102901    5264.47    1.79624
103001    5270.07    1.69225
103101    5274.99    1.76546
103201    5279.57    1.73576
103301    5284.42    1.74037
103401    5289.52    2.00206
103501    5295.26    1.99158
103601    5300.15    2.05655
103701    5304.83    1.63772
103801    5309.76    1.8419
103901    5314.64    1.76186
104001    5319.87    1.7369
104101    5324.87    1.85743
104201    5330.39    1.79344
104301    5335.42    1.86291
104401    5340.58    1.74532
104501    5345.42    1.62061
104601    5350.73    1.74854
104701    5355.7    1.82377
104801    5360.41    1.9382
104901    5365.65    1.79562
105001    5371    1.71292
105101    5376.52    1.8679
105201    5381.44    1.86224
105301    5386.66    1.65564
105401    5391.99    1.70325
105501    5396.82    1.88209
105601    5402.02    1.67449
105701    5407.5    1.90541
105801    5412.32    1.92238
105901    5416.98    1.7804
106001    5422.31    1.86469
106101    5426.97    1.95601
106201    5432.4    2.18576
106301    5437.78    1.8624
106401    5442.9    1.91299
106501    5448.16    1.72104
106601    5453.39    1.91334
106701    5458.51    1.83909
106801    5463.87    1.70872
106901    5469.18    1.79847
107001    5474.13    1.86173
107101    5479.15    1.8269
107201    5484.61    1.88358
107301    5489.45    1.99304
107401    5494.53    2.2682
107501    5499.71    1.80008
107601    5504.97    1.78806
107701    5510.19    1.76697
107801    5515.53    1.65469
107901    5520.32    1.80007
108001    5525.89    1.78948
108101    5531.57    1.79747
108201    5536.98    1.66001
108301    5541.58    1.91856
108401    5546.28    1.77609
108501    5551.28    1.77328
108601    5556.08    1.8168
108701    5560.67    1.88261
108801    5565.6    1.82197
108901    5570.33    1.9238
109001    5575.4    1.90092
109101    5580.76    1.93771
109201    5585.74    1.97512
109301    5591.57    1.75345
109401    5596.93    2.04212
109501    5601.92    2.70457
109601    5607.2    1.72623
109701    5612.19    1.67631
109801    5617.5    1.70227
109901    5622.37    1.75912
110001    5627.48    1.74545
110101    5632.63    1.75892
110201    5637.81    1.85998
110301    5642.89    1.82248
110401    5647.88    1.84008
110501    5653.07    1.76491
110601    5657.53    1.78896
110701    5663    1.71079
110801    5668.43    1.70261
110901    5673.7    1.72384
111001    5678.15    1.8588
111101    5682.91    1.97471
111201    5687.85    1.81942
111301    5693.73    1.84399
111401    5698.92    1.98736
111501    5703.74    1.81365
111601    5709    1.84043
111701    5713.33    1.88281
111801    5717.92    1.8378
111901    5723.32    1.75623
112001    5728.46    1.84096
112101    5733.69    1.88427
112201    5738.41    1.90044
112301    5743.28    1.80121
112401    5748.71    1.82671
112501    5753.98    1.88888
112601    5759.62    1.81503
112701    5764.36    1.72014
112801    5769.51    1.90104
112901    5774.67    1.96817
113001    5779.73    1.76967
113101    5785.3    1.83763
113201    5790.47    1.66843
113301    5795.82    1.86007
113401    5800.55    1.82621
113501    5805.6    1.76695
113601    5810.49    1.63671
113701    5815.86    1.79687
113801    5821.08    1.87343
113901    5826.14    1.83497
114001    5831.57    1.80205
114101    5836.34    1.73957
114201    5841.29    1.82322
114301    5846.17    1.81839
114401    5851.28    1.84365
114501    5855.62    1.84619
114601    5861.24    1.77101
114701    5866.33    1.70733
114801    5871.37    1.80608
114901    5876.9    1.76861
115001    5881.78    1.76878
115101    5887.08    1.68845
115201    5892.12    1.72299
115301    5897.4    1.91699
115401    5902.22    1.85063
115501    5907.19    1.82029
115601    5912.33    1.88759
115701    5917.56    1.74539
115801    5922.8    1.92523
115901    5928.31    1.7402
116001    5933.24    1.66635
116101    5938.09    1.71422
116201    5943.22    1.74969
116301    5948.29    1.80569
116401    5953.58    1.73024
116501    5958.59    1.84447
116601    5963.23    2.13878
116701    5968.17    1.66951
116801    5973.7    1.65368
116901    5978.46    1.68779
117001    5983.79    1.75424
117101    5988.66    1.70651
117201    5993.55    1.72968
117301    5998.92    1.82075
117401    6004.12    1.69041
117501    6009.34    1.79316
117601    6014.55    1.8322
117701    6019.41    1.83832
117801    6024.28    1.69709
117901    6029.42    1.68837
118001    6034.6    1.78734
118101    6039.96    1.84045
118201    6045.02    1.6792
118301    6049.85    1.79158
118401    6054.97    1.81029
118501    6059.86    1.83279
118601    6064.67    1.93957
118701    6069.92    1.6744
118801    6074.92    1.69969
118901    6080.15    1.6893
119001    6085.41    1.76088
119101    6091    1.8704
119201    6096.3    1.82578
119301    6101.33    1.7585
119401    6106.87    1.70954
119501    6111.99    1.86802
119601    6117    1.90924
119701    6122.35    1.8547
119801    6127.02    1.85722
119901    6132.74    1.83303
120001    6137.87    1.77969
120101    6142.93    1.69681
120201    6148.14    1.77303
120301    6152.98    1.79726
120401    6157.96    1.80305
120501    6162.92    1.88059
120601    6167.65    1.88017
120701    6173.01    1.78401
120801    6178.14    1.70815
120901    6183.35    1.98599
121001    6188.45    1.83712
121101    6193.28    1.81314
121201    6198.23    1.91935
121301    6203.48    1.71921
121401    6209.09    1.93248
121501    6213.85    1.77497
121601    6218.67    1.75495
121701    6224.13    1.81543
121801    6229.42    1.72572
121901    6234.68    1.88503
122001    6239.63    1.67604
122101    6244.45    1.96837
122201    6249.69    1.99845
122301    6254.97    1.89191
122401    6260.22    1.71664
122501    6265.56    1.81637
122601    6270.7    1.74825
122701    6276.01    1.65732
122801    6281.13    1.76706
122901    6286.12    1.61512
123001    6291.57    1.72121
123101    6296.5    1.99663
123201    6301.67    1.68092
123301    6307.19    1.65442
123401    6312.68    1.67001
123501    6317.4    1.8831
123601    6322.45    1.85857
123701    6327.28    1.91302
123801    6332.38    1.73712
123901    6337.44    1.86464
124001    6342.74    1.89279
124101    6347.35    2.01596
124201    6352.29    1.73926
124301    6357.51    1.62854
124401    6362.67    1.92714
124501    6367.14    1.81124
124601    6372.49    1.91184
124701    6377.49    1.81474
124801    6382.91    1.70431
124901    6388.11    1.78569
125001    6392.98    2.00354
125101    6398.38    1.7681
125201    6403.67    1.82934
125301    6408.61    1.78638
125401    6414.19    1.71087
125501    6419.66    1.57723
125601    6424.74    1.7
125701    6430.21    1.74425
125801    6435.16    1.75056
125901    6440.29    1.80789
126001    6445.11    1.82044
126101    6450.62    2.08111
126201    6455.21    1.84476
126301    6460.45    1.77193
126401    6465.43    1.85627
126501    6470.65    1.97787
126601    6475.27    1.83801
126701    6480.37    1.8396
126801    6485.57    1.79008
126901    6490.89    1.74943
127001    6496.06    1.70849
127101    6501.26    1.81535
127201    6506.52    1.70605
127301    6511.48    1.76912
127401    6516.79    1.88665
127501    6522.27    1.79848
127601    6527.13    1.83418
127701    6532.08    1.65314
127801    6537.52    1.64935
127901    6542.62    1.7566
128001    6547.46    1.79807
128101    6552.55    1.81413
128201    6557.56    1.86536
128301    6562.45    1.86989
128401    6568.19    1.74106
128501    6573.76    1.71662
128601    6578.99    1.67565
128701    6584.18    1.7083
128801    6589.41    1.81768
128901    6594.52    1.8244
129001    6599.38    1.82518
129101    6604.48    1.87717
129201    6609.31    1.8097
129301    6614.58    1.84909
129401    6620.03    1.72316
129501    6624.93    1.71474
129601    6630.42    1.70455
129701    6635.98    1.81833
129801    6640.9    1.85013
129901    6646.05    1.83124
130001    6650.92    1.85242
130101    6656.02    1.96615
130201    6661.39    1.74772
130301    6666.45    1.61155
130401    6671.82    1.80354
130501    6676.96    1.68181
130601    6681.9    1.78701
130701    6686.77    1.7913
130801    6692.1    1.7164
130901    6697.39    1.84672
131001    6702.35    1.75129
131101    6706.88    1.85222
131201    6711.85    2.00914
131301    6717.29    1.70161
131401    6722.02    1.85264
131501    6726.82    1.92781
131601    6732.3    1.82109
131701    6737.64    1.81357
131801    6742.68    1.74406
131901    6747.68    1.8444
132001    6753.35    1.74342
132101    6758.63    1.75227
132201    6763.75    1.81748
132301    6769.14    1.86932
132401    6774.17    1.70497
132501    6778.97    1.78469
132601    6784.52    1.77984
132701    6789.23    1.71522
132801    6794.12    1.75621
132901    6799.01    1.61084
133001    6804.12    1.69099
133101    6808.88    1.66978
133201    6814.23    1.63547
133301    6819.53    1.71884
133401    6824.86    1.71867
133501    6830.3    1.6786
133601    6835.06    1.74607
133701    6840.12    1.73614
133801    6845.14    1.68551
133901    6850.37    1.72931
134001    6855.02    1.68646
134101    6859.65    1.69692
134201    6865.26    1.66854
134301    6870.29    1.60426
134401    6875.13    1.68089
134501    6880.11    1.66165
134601    6885.14    1.71324
134701    6890.09    1.7714
134801    6895.05    1.71625
134901    6899.91    1.73963
135001    6905.16    1.96048
135101    6910.71    2.13957
135201    6915.81    1.88737
135301    6920.92    1.64528
135401    6925.77    1.73855
135501    6931.17    1.8065
135601    6936.29    2.05599
135701    6941.31    1.96094
135801    6946.64    1.90347
135901    6951.95    1.8351
136001    6957.27    1.98395
136101    6962.03    1.76357
136201    6966.9    1.80266
136301    6971.75    1.84365
136401    6976.56    1.95426
136501    6981.75    1.73892
136601    6986.86    1.75087
136701    6992.64    1.71691
136801    6997.42    1.67803
136901    7002.31    1.80947
137001    7006.97    1.69784
137101    7012.09    1.74885
137201    7017.28    1.65534
137301    7022.41    1.8007
137401    7027.66    1.97578
137501    7032.98    1.8398
137601    7037.58    1.76075
137701    7042.67    2.3227
137801    7048.31    1.77222
137901    7053.34    1.80496
138001    7058.08    1.83152
138101    7062.65    1.7449
138201    7067.62    1.63136
138301    7072.51    1.79232
138401    7077.14    1.85902
138501    7081.99    2.06977
138601    7086.81    2.03069
138701    7091.62    1.83078
138801    7096.5    1.76502
138901    7101.25    1.87083
139001    7106.06    2.01029
139101    7110.66    1.70067
139201    7115.8    1.62626
139301    7121.01    1.64959
139401    7126.25    1.69693
139501    7131.68    1.67971
139601    7136.51    1.75467
139701    7141.45    1.7434
139801    7146.05    1.75668
139901    7151.4    1.79203
140001    7156.58    1.84929
140101    7161.71    1.96288
140201    7167.21    1.8859
140301    7172    1.8372
140401    7176.94    1.80983
140501    7182.17    1.78505
140601    7187.46    1.80162
140701    7192.55    1.75808
140801    7197.38    1.85781
140901    7202.17    1.72767
141001    7207.25    1.70443
141101    7212.09    1.75607
141201    7217.14    1.70715
141301    7222.45    1.83317
141401    7227.72    1.72136
141501    7232.7    1.77237
141601    7237.39    1.81141
141701    7242.03    1.90339
141801    7247.02    1.84533
141901    7252.12    1.93522
142001    7257.34    1.82818
142101    7262.2    1.88787
142201    7267.13    1.70793
142301    7272.05    1.68869
142401    7277.35    1.77494
142501    7282.33    1.86426
142601    7287.22    1.74798
142701    7292.32    1.73688
142801    7297.47    1.74013
142901    7302.58    1.63327
143001    7307.91    1.76457
143101    7312.75    1.84232
143201    7317.81    1.74935
143301    7322.69    1.67664
143401    7328.36    1.86431
143501    7333.46    1.67509
143601    7338.68    1.84838
143701    7343.53    1.72722
143801    7348.69    1.62138
143901    7353.69    1.81707
144001    7359.04    1.76284
144101    7363.67    2.0687
144201    7368.96    1.7728
144301    7374.2    1.87441
144401    7379.26    1.87537
144501    7384.53    1.74049
144601    7389.14    1.79931
144701    7394.24    1.72824
144801    7399.37    1.67655
144901    7404.29    1.82435
145001    7409.3    1.63023
145101    7414.35    1.72002
145201    7418.61    1.67876
145301    7423.96    1.66425
145401    7429.29    1.76833
145501    7434.32    1.71251
145601    7439.06    1.69413
145701    7443.8    1.78143
145801    7449.65    1.63258
145901    7455.09    1.73769
146001    7459.95    1.74371
146101    7465.23    1.77724
146201    7469.94    1.73727
146301    7474.46    1.67932
146401    7479.28    1.84661
146501    7484.14    1.79402
146601    7489.27    1.78819
146701    7494.21    1.79453
146801    7499.12    1.65797
146901    7504.23    1.87704
147001    7509.23    1.72992
147101    7514.36    1.71228
147201    7519.89    1.7372
147301    7524.35    1.72071
147401    7529.11    1.68925
147501    7534.07    1.5593
147601    7538.67    1.65802
147701    7543.71    1.79475
147801    7548.87    1.72417
147901    7554.38    1.7353
148001    7558.98    1.70188
148101    7563.92    1.75864
148201    7568.72    1.77541
148301    7573.69    1.98188
148401    7578.78    1.77355
148501    7583.71    1.83446
148601    7588.74    1.6361
148701    7593.48    1.73819
148801    7598.19    1.83093
148901    7603.13    1.77597
149001    7608.64    1.58206
149101    7613.42    1.7673
149201    7617.97    1.76232
149301    7622.64    1.77726
149401    7628.5    1.79761
149501    7633.28    1.86903
149601    7638.61    1.73544
149701    7643.94    1.9348
149801    7648.42    1.7231
149901    7653.06    1.80967
150001    7657.86    2.03377
150101    7663.54    1.705
150201    7668.48    1.72505
150301    7673.55    1.65206
150401    7678.55    1.7054
150501    7683.56    1.70859
150601    7688.44    1.72274
150701    7693.53    1.6447
150801    7698.39    1.68796
150901    7703.45    1.69743
151001    7708.36    1.69743
151101    7713.57    1.75854
151201    7718.83    1.84451
151301    7724.33    1.79739
151401    7729.63    1.92482
151501    7734.36    1.82188
151601    7739.7    1.86947
151701    7745.26    1.7221
151801    7750.11    1.71665
151901    7755.14    1.79576
152001    7759.88    1.72762
152101    7764.94    1.5743
152201    7770.1    1.8603
152301    7775.32    1.81479
152401    7779.48    1.98454
152501    7784.24    1.90227
152601    7789.35    1.95819
152701    7794.72    1.83119
152801    7799.64    1.75661
152901    7805.08    1.86043
153001    7810.33    1.76817
153101    7815.46    1.62832
153201    7820.3    1.67378
153301    7825.56    1.69088
153401    7830.7    1.76676
153501    7835.77    1.67084
153601    7840.93    1.73508
153701    7845.83    1.65692
153801    7851.14    1.73716
153901    7856.18    1.70517
154001    7861.17    1.60189
154101    7865.88    1.68251
154201    7871.08    1.76819
154301    7876.11    1.76185
154401    7880.85    2.10886
154501    7885.61    1.83932
154601    7891.11    1.80173
154701    7895.96    1.79294
154801    7901.16    1.71287
154901    7906.17    1.83843
155001    7911.19    1.72886
155101    7916.48    1.85279
155201    7921.92    1.80135
155301    7927.28    1.84055
155401    7931.94    1.75985
155501    7937.02    1.79177
155601    7941.87    1.61997
155701    7947.01    1.76661
155801    7952.37    1.77367
155901    7957.27    1.65116
156001    7962.23    1.72301
156101    7966.78    1.88176
156201    7971.92    1.7157
156301    7976.76    1.78569
156401    7981.24    1.8243
156501    7986.27    1.67503
156601    7991.07    1.73663
156701    7996.25    2.0125
156801    8001.34    2.08843
156901    8006.34    1.77431
157001    8011.58    1.80006
157101    8016.18    1.66532
157201    8021.16    1.83482
157301    8026.04    1.7579
157401    8031.43    1.66045
157501    8036.52    1.68913
157601    8041.77    1.74816
157701    8046.98    1.69436
157801    8052.17    1.80054
157901    8057.48    1.77156
158001    8062.74    1.71054
158101    8067.72    1.63615
158201    8072.75    1.76436
158301    8078.11    1.68844
158401    8083.69    1.65631
158501    8088.52    1.6999
158601    8094    1.84382
158701    8099.21    1.75204
158801    8103.96    1.69039
158901    8109.33    1.64296
159001    8114.22    1.76689
159101    8118.96    1.84376
159201    8123.94    1.7973
159301    8129.28    1.69586
159401    8134.65    1.77082
159501    8139.49    1.7838
159601    8144.71    1.65998
159701    8149.72    1.725
159801    8155.07    1.62488
159901    8160.09    1.71673
160001    8165.1    1.77188
160101    8169.96    1.96426
160201    8174.67    1.70097
160301    8179.37    1.98881
160401    8184.24    1.6855
160501    8189.26    1.68236
160601    8194.15    1.74886
160701    8199.46    1.67739
160801    8204.58    1.57704
160901    8209.4    1.81112
161001    8214.68    1.71212
161101    8219.6    1.64699
161201    8224.38    1.75678
161301    8229.87    1.87962
161401    8234.98    1.80529
161501    8240.2    1.69014
161601    8244.74    2.07212
161701    8249.43    1.84775
161801    8254.46    1.83362
161901    8259.59    1.69667
162001    8264.66    1.73425
162101    8269.7    1.8185
162201    8274.76    1.69537
162301    8279.74    2.15561
162401    8284.68    1.6782
162501    8289.94    1.65974
162601    8294.89    1.74594
162701    8299.92    1.73969
162801    8305.09    1.70074
162901    8310.21    1.74532
163001    8315.83    1.7162
163101    8321.1    1.73698
163201    8326.28    1.70367
163301    8331.08    1.77856
163401    8335.89    1.77668
163501    8340.91    1.80456
163601    8345.78    1.88248
163701    8350.88    1.741
163801    8355.5    1.69294
163901    8360.21    1.74345
164001    8364.75    1.7179
164101    8370.54    1.66135
164201    8375.67    1.64986
164301    8380.94    1.88194
164401    8385.63    1.75771
164501    8390.61    1.6544
164601    8395.83    1.68726
164701    8401.01    1.84356
164801    8405.89    1.9074
164901    8410.74    1.83463
165001    8415.85    1.75317
165101    8421.04    1.69302
165201    8425.85    1.73217
165301    8431.37    2.03139
165401    8436.47    2.5293
165501    8441.84    1.63374
165601    8447    1.64439
165701    8451.52    1.63765
165801    8456.53    1.70943
165901    8461.84    1.63161
166001    8466.95    1.66324
166101    8472.06    1.74533
166201    8476.93    1.66134
166301    8482.15    1.76561
166401    8487.44    1.70093
166501    8492.55    1.76518
166601    8497.84    1.7198
166701    8502.91    1.76708
166801    8508.2    1.62653
166901    8513.68    1.65006
167001    8518.81    1.66428
167101    8523.6    1.68291
167201    8528.92    1.75148
167301    8534.22    1.6908
167401    8539.38    1.70251
167501    8544.19    1.656
167601    8549.4    1.67716
167701    8554.93    1.79489
167801    8559.37    1.73818
167901    8564.56    1.69952
168001    8569.61    1.82195
168101    8575.02    1.67314
168201    8580.18    1.70141
168301    8585.47    1.73771
168401    8590.74    1.70837
168501    8595.78    1.62292
168601    8600.99    1.72752
168701    8605.97    1.75386
168801    8611.54    1.96183
168901    8616.59    1.87352
169001    8621.61    1.81797
169101    8626.13    1.77318
169201    8631.38    1.79153
169301    8636.58    1.95974
169401    8641.88    1.64474
169501    8646.94    1.62905
169601    8651.96    1.71344
169701    8657.21    1.63572
169801    8662.56    1.67844
169901    8667.8    1.64969
170001    8673.01    1.70013
170101    8678.37    1.70539
170201    8683.24    1.74302
170301    8688.28    1.65242
170401    8693.33    1.71339
170501    8698.05    1.83074
170601    8703.49    1.90265
170701    8709.08    1.81842
170801    8714.59    1.7921
170901    8719.96    1.77631
171001    8725.35    1.78294
171101    8730.27    1.79116
171201    8735.52    1.82584
171301    8740.48    2.15794
171401    8745.74    1.61714
171501    8750.67    1.64449
171601    8755.8    1.67331
171701    8760.54    1.61757
171801    8765.37    1.71745
171901    8770.06    1.65983
172001    8774.86    1.72272
172101    8779.89    1.75158
172201    8784.85    1.64914
172301    8789.85    1.60858
172401    8795.32    1.70645
172501    8800.51    1.80502
172601    8805.59    1.7247
172701    8810.89    1.72877
172801    8815.98    1.64568
172901    8820.97    1.62405
173001    8826.45    1.80124
173101    8831.22    1.85346
173201    8836.36    1.89947
173301    8841.1    1.74968
173401    8845.91    1.78252
173501    8850.56    1.79428
173601    8855.6    1.93408
173701    8860.38    1.99591
173801    8865.23    1.79213
173901    8870.87    1.70489
174001    8875.2    1.65326
174101    8880.21    1.66274
174201    8885.31    1.70752
174301    8890.59    1.64385
174401    8896    1.71498
174501    8901.08    1.68356
174601    8906.14    1.59135
174701    8911.15    1.68319
174801    8916.3    1.68655
174901    8921.37    1.85234
175001    8926.58    1.7569
175101    8931.61    1.89641
175201    8936.44    1.78711
175301    8941.79    1.79128
175401    8946.88    1.81448
175501    8951.75    1.75209
175601    8956.9    1.78823
175701    8961.75    1.62827
175801    8967.26    1.56367
175901    8972.37    1.73354
176001    8976.94    1.7571
176101    8982.02    1.89389
176201    8987.56    1.77725
176301    8992.8    1.72487
176401    8997.76    1.81566
176501    9002.84    1.85512
176601    9008.01    1.6376
176701    9013.19    1.60171
176801    9018.49    1.65598
176901    9023.47    1.66275
177001    9029.28    1.71518
177101    9034.07    1.71674
177201    9038.09    1.64303
177301    9043.08    1.75427
177401    9048.23    1.74301
177501    9053.9    1.66555
177601    9059.48    1.80729
177701    9064.07    1.72053
177801    9068.88    1.68726
177901    9073.98    1.68676
178001    9079.25    1.81595
178101    9084.31    1.73838
178201    9089.3    1.93051
178301    9094.64    1.92281
178401    9099.83    1.9756
178501    9105.25    1.66967
178601    9110.43    1.77794
178701    9115.4    1.9027
178801    9120.65    1.70668
178901    9125.83    1.79215
179001    9130.94    1.76431
179101    9135.9    1.71721
179201    9141.2    1.81395
179301    9146.37    1.73228
179401    9151.65    1.76991
179501    9156.68    1.79773
179601    9161.73    1.69789
179701    9167    1.87325
179801    9172.3    1.7883
179901    9177.66    1.68247
180001    9182.94    1.76224
180101    9188.14    1.75084
180201    9193.07    1.74084
180301    9197.95    2.04516
180401    9203.34    1.63264
180501    9209.39    1.62351
180601    9215.12    1.69261
180701    9220.07    1.64645
180801    9225.38    1.65412
180901    9230.38    1.71506
181001    9235.41    1.65219
181101    9240.79    1.6967
181201    9245.77    1.72552
181301    9250.82    1.63556
181401    9256.08    1.72492
181501    9261.47    1.86355
181601    9266.14    1.84773
181701    9270.69    1.76257
181801    9275.78    1.69986
181901    9280.77    1.67897
182001    9285.49    1.78399
182101    9290.98    1.69073
182201    9296.21    1.66788
182301    9301.52    1.58231
182401    9306.74    1.6734
182501    9311.82    1.79516
182601    9317.02    1.62685
182701    9322.61    1.70163
182801    9328.03    1.72734
182901    9332.98    1.82389
183001    9338.38    1.80087
183101    9343.66    1.6222
183201    9348.76    1.66278
183301    9354.21    1.65456
183401    9359.27    1.69531
183501    9364.11    1.75062
183601    9369.34    1.72705
183701    9374.52    1.74319
183801    9379.44    1.81812
183901    9384.51    1.76201
184001    9389.79    1.82691
184101    9394.65    1.68912
184201    9399.31    1.59952
184301    9404.52    1.85166
184401    9409.88    1.72982
184501    9415.14    1.77923
184601    9420.15    1.63278
184701    9425.47    1.80462
184801    9430.66    1.80236
184901    9435.3    1.87922
185001    9440.23    1.81479
185101    9445.25    1.73066
185201    9450.22    1.7469
185301    9455.31    1.74312
185401    9460.22    1.80028
185501    9465.05    1.7734
185601    9470.62    1.75591
185701    9476.23    1.72782
185801    9481.56    1.67458
185901    9486.83    1.74066
186001    9492.03    1.75321
186101    9497.18    1.76632
186201    9502.37    1.71747
186301    9507.55    1.70696
186401    9512.55    1.77607
186501    9517.28    1.8821
186601    9522.39    1.8209
186701    9527.02    1.84572
186801    9532.65    1.78904
186901    9537.37    1.70571
187001    9542.13    1.68679
187101    9547.14    1.76434
187201    9552.08    1.83511
187301    9557.54    1.78175
187401    9563.19    1.75998
187501    9568.49    1.69786
187601    9573.86    1.69597
187701    9578.58    1.74415
187801    9583.14    1.79186
187901    9587.63    1.68227
188001    9592.52    1.74459
188101    9597.41    1.67553
188201    9602.24    1.5708
188301    9607.7    1.79197
188401    9613.13    1.83319
188501    9617.93    1.68115
188601    9622.89    1.78845
188701    9628.52    1.68522
188801    9633.82    1.75767
188901    9639.18    1.75299
189001    9644.43    1.70258
189101    9649.96    1.79317
189201    9654.98    1.64351
189301    9659.9    1.76836
189401    9665.08    1.76057
189501    9670.07    1.80376
189601    9675.37    2.14051
189701    9680.28    1.693
189801    9685.31    1.86807
189901    9690.51    1.90913
190001    9695.74    1.75593
190101    9701.26    1.61731
190201    9706.46    1.86151
190301    9711.64    1.74359
190401    9716.58    1.8066
190501    9721.47    1.66544
190601    9726.39    1.72879
190701    9731.07    1.65188
190801    9735.98    1.65902
190901    9740.74    1.76254
191001    9745.76    2.51642
191101    9750.85    1.83533
191201    9756.18    1.70568
191301    9761.41    1.96229
191401    9766.5    2.00026
191501    9771.43    1.93144
191601    9776.26    1.81748
191701    9780.99    1.66738
191801    9786.2    1.73387
191901    9791.5    1.90737
192001    9796.93    1.85018
192101    9801.65    1.80898
192201    9806.52    1.66852
192301    9811.54    1.68965
192401    9816.72    1.66468
192501    9821.85    1.73221
192601    9826.87    1.67496
192701    9832.05    1.67076
192801    9836.67    1.82366
192901    9842.09    1.74392
193001    9847.59    1.66684
193101    9852.39    1.73212
193201    9856.89    1.83675
193301    9862.12    1.67351
193401    9867.76    1.83395
193501    9872.5    1.89277
193601    9877.55    1.78259
193701    9882.7    1.77652
193801    9887.54    1.75085
193901    9892.43    1.87376
194001    9897.82    1.75659
194101    9902.88    1.62855
194201    9907.54    1.68179
194301    9912.93    1.63985
194401    9917.86    1.65431
194501    9922.5    1.59679
194601    9928.01    1.6662
194701    9932.69    1.8382
194801    9937.6    1.68218
194901    9942.79    1.77203
195001    9948.34    1.71583
195101    9953.02    1.63486
195201    9957.84    1.74239
195301    9962.85    1.90549
195401    9968.32    1.75318
195501    9973.43    1.63404
195601    9978.71    1.77096
195701    9983.28    1.75732
195801    9988.67    1.71409
195901    9993.49    1.79903
196001    9998.36    1.72577
196101    10003.3    1.70548
196201    10008.6    1.67789
196301    10013    1.70496
196401    10018    1.58503
196501    10023.2    2.03163
196601    10027.7    1.67501
196701    10032.2    1.88858
196801    10037.2    2.00041
196901    10042.3    1.79308
197001    10047.8    1.70708
197101    10052.9    1.89456
197201    10058    1.60271
197301    10063    1.61491
197401    10068.4    1.60919
197501    10073.2    1.57971
197601    10078.4    1.62742
197701    10083.4    1.64914
197801    10088.5    1.6726
197901    10093.9    1.65294
198001    10098.7    1.65378
